-1.994999999999993179e+01 8.365867261572783598e-01 0.000000000000000000e+00 9.993683567339108897e-01 9.990623004984725553e-01
-1.975000000000000000e+01 8.923591745677635911e-01 0.000000000000000000e+00 9.993190671748850562e-01 9.989939331970837388e-01
-1.954999999999995453e+01 1.059676519799219285e+00 0.000000000000000000e+00 9.992659313615581684e-01 9.989205812626739123e-01
-1.934999999999990905e+01 1.115448968209704406e+00 0.000000000000000000e+00 9.992086491558798134e-01 9.988418812676123082e-01
-1.914999999999997726e+01 1.450083658672615794e+00 0.000000000000000000e+00 9.991468969988704929e-01 9.987574432869029684e-01
-1.894999999999993179e+01 1.115448968209704406e+00 0.000000000000000000e+00 9.990803260829963506e-01 9.986668489662718917e-01
-1.875000000000000000e+01 7.808142777467931284e-01 0.000000000000000000e+00 9.990085603819269799e-01 9.985696494493998543e-01
-1.854999999999995453e+01 7.250418293363078970e-01 0.000000000000000000e+00 9.989311945265477721e-01 9.984653631540298946e-01
-1.834999999999990905e+01 9.481316229782487115e-01 0.000000000000000000e+00 9.988477915152292885e-01 9.983534733859327215e-01
-1.814999999999997726e+01 8.923591745677635911e-01 0.000000000000000000e+00 9.987578802454206706e-01 9.982334257789059473e-01
-1.794999999999993179e+01 1.338538761851645331e+00 0.000000000000000000e+00 9.986609528526225743e-01 9.981046255481258456e-01
-1.775000000000000000e+01 1.059676519799219285e+00 0.000000000000000000e+00 9.985564618417113181e-01 9.979664345432411876e-01
-1.754999999999995453e+01 8.923591745677635911e-01 0.000000000000000000e+00 9.984438169944076513e-01 9.978181680866102798e-01
-1.734999999999990905e+01 9.481316229782487115e-01 0.000000000000000000e+00 9.983223820354251155e-01 9.976590915810139570e-01
-1.714999999999997726e+01 1.226993865030674868e+00 0.000000000000000000e+00 9.981914710384637290e-01 9.974884168700393072e-01
-1.694999999999993179e+01 1.338538761851645331e+00 0.000000000000000000e+00 9.980503445517500127e-01 9.973052983330994437e-01
-1.675000000000000000e+01 9.481316229782487115e-01 0.000000000000000000e+00 9.978982054212380826e-01 9.971088286957436875e-01
-1.654999999999995453e+01 1.505856107083100914e+00 0.000000000000000000e+00 9.977341942878787950e-01 9.968980345344982119e-01
-1.634999999999990905e+01 1.338538761851645331e+00 0.000000000000000000e+00 9.975573847335236222e-01 9.966718714539675172e-01
-1.614999999999997726e+01 8.923591745677635911e-01 0.000000000000000000e+00 9.973667780480447442e-01 9.964292189122988530e-01
-1.594999999999993179e+01 8.923591745677635911e-01 0.000000000000000000e+00 9.971612975881126717e-01 9.961688746693738716e-01
-1.575000000000000000e+01 1.505856107083100914e+00 0.000000000000000000e+00 9.969397826957688835e-01 9.958895488302214050e-01
-1.554999999999995453e+01 1.338538761851645331e+00 0.000000000000000000e+00 9.967009821424397398e-01 9.955898574541351964e-01
-1.534999999999990905e+01 8.923591745677635911e-01 0.000000000000000000e+00 9.964435470613626222e-01 9.952683156978373580e-01
-1.514999999999997726e+01 9.481316229782487115e-01 0.000000000000000000e+00 9.961660233285017929e-01 9.949233304587118409e-01
-1.494999999999993179e+01 8.923591745677635911e-01 0.000000000000000000e+00 9.958668433489169525e-01 9.945531924816571889e-01
-1.475000000000000000e+01 1.059676519799219285e+00 0.000000000000000000e+00 9.955443172021921638e-01 9.941560678904566295e-01
-1.454999999999995453e+01 9.481316229782487115e-01 0.000000000000000000e+00 9.951966230969059302e-01 9.937299891016997400e-01
-1.434999999999990905e+01 1.003904071388733943e+00 0.000000000000000000e+00 9.948217970802299970e-01 9.932728450762450256e-01
-1.414999999999997726e+01 1.226993865030674868e+00 0.000000000000000000e+00 9.944177219445259341e-01 9.927823708599188279e-01
-1.394999999999993179e+01 1.115448968209704406e+00 0.000000000000000000e+00 9.939821152682805083e-01 9.922561363616294594e-01
-1.375000000000000000e+01 1.282766313441159989e+00 0.000000000000000000e+00 9.935125165238325451e-01 9.916915343133021477e-01
-1.354999999999995453e+01 1.226993865030674868e+00 0.000000000000000000e+00 9.930062731790605390e-01 9.910857673519722910e-01
-1.334999999999990905e+01 1.226993865030674868e+00 0.000000000000000000e+00 9.924605257145375781e-01 9.904358341600437710e-01
-1.314999999999997726e+01 8.365867261572783598e-01 0.000000000000000000e+00 9.918721914715119548e-01 9.897385145950368113e-01
-1.294999999999993179e+01 1.115448968209704406e+00 0.000000000000000000e+00 9.912379472394852176e-01 9.889903537351505403e-01
-1.275000000000000000e+01 1.505856107083100914e+00 0.000000000000000000e+00 9.905542104850343366e-01 9.881876447615972614e-01
-1.254999999999995453e+01 1.561628555493586257e+00 0.000000000000000000e+00 9.898171191158410265e-01 9.873264105928898360e-01
-1.234999999999990905e+01 8.923591745677635911e-01 0.000000000000000000e+00 9.890225096656360959e-01 9.864023841800974024e-01
-1.214999999999997726e+01 5.577244841048522028e-01 0.000000000000000000e+00 9.881658937768277307e-01 9.854109873654318674e-01
-1.194999999999993179e+01 6.134969325153374342e-01 0.000000000000000000e+00 9.872424328479770805e-01 9.843473081994222884e-01
-1.175000000000000000e+01 6.692693809258226656e-01 0.000000000000000000e+00 9.862469107029243620e-01 9.832060766042980404e-01
-1.154999999999995453e+01 1.059676519799219285e+00 0.000000000000000000e+00 9.851737041271734219e-01 9.819816382629915630e-01
-1.134999999999990905e+01 1.450083658672615794e+00 0.000000000000000000e+00 9.840167511051254312e-01 9.806679266044061594e-01
-1.114999999999997726e+01 8.923591745677635911e-01 0.000000000000000000e+00 9.827695165787357912e-01 9.792584327461359983e-01
-1.094999999999993179e+01 8.923591745677635911e-01 0.000000000000000000e+00 9.814249555341855169e-01 9.777461732457193300e-01
-1.075000000000000000e+01 1.505856107083100914e+00 0.000000000000000000e+00 9.799754732080724340e-01 9.761236555006586046e-01
-1.054999999999995453e+01 9.481316229782487115e-01 0.000000000000000000e+00 9.784128821883247840e-01 9.743828406257545316e-01
-1.034999999999990905e+01 1.282766313441159989e+00 0.000000000000000000e+00 9.767283561675473846e-01 9.725151036238569580e-01
-1.014999999999997726e+01 1.003904071388733943e+00 0.000000000000000000e+00 9.749123800875536539e-01 9.705111906526701082e-01
-9.949999999999931788e+00 1.003904071388733943e+00 0.000000000000000000e+00 9.729546963934833093e-01 9.683611731758969832e-01
-9.750000000000000000e+00 9.481316229782487115e-01 0.000000000000000000e+00 9.708442470939322444e-01 9.660543987715739522e-01
-9.549999999999954525e+00 1.059676519799219285e+00 0.000000000000000000e+00 9.685691112997935059e-01 9.635794383538419661e-01
-9.349999999999909051e+00 7.250418293363078970e-01 0.000000000000000000e+00 9.661164378890326754e-01 9.609240295466964232e-01
-9.149999999999977263e+00 1.059676519799219285e+00 0.000000000000000000e+00 9.634723729170218132e-01 9.580750159291279155e-01
-8.949999999999931788e+00 7.808142777467931284e-01 0.000000000000000000e+00 9.606219813624228276e-01 9.550182818506469662e-01
-8.750000000000000000e+00 1.115448968209704406e+00 0.000000000000000000e+00 9.575491627666146144e-01 9.517386824942527523e-01
-8.549999999999954525e+00 1.115448968209704406e+00 0.000000000000000000e+00 9.542365602901157207e-01 9.482199688402933591e-01
-8.349999999999909051e+00 7.808142777467931284e-01 0.000000000000000000e+00 9.506654626723556323e-01 9.444447071594989085e-01
-8.149999999999977263e+00 1.115448968209704406e+00 0.000000000000000000e+00 9.468156985409698079e-01 9.403941926362642256e-01
-7.949999999999931788e+00 1.226993865030674868e+00 0.000000000000000000e+00 9.426655224736415484e-01 9.360483566942373601e-01
-7.750000000000000000e+00 7.250418293363078970e-01 0.000000000000000000e+00 9.381914921689318287e-01 9.313856675650772354e-01
-7.549999999999954525e+00 7.250418293363078970e-01 0.000000000000000000e+00 9.333683360322403422e-01 9.263830236076817659e-01
-7.349999999999909051e+00 1.226993865030674868e+00 0.000000000000000000e+00 9.281688104290267693e-01 9.210156388494018520e-01
-7.149999999999977263e+00 8.923591745677635911e-01 0.000000000000000000e+00 9.225635457989245225e-01 9.152569201820839329e-01
-6.949999999999931788e+00 1.226993865030674868e+00 0.000000000000000000e+00 9.165208807615425890e-01 9.090783356045211150e-01
-6.750000000000000000e+00 1.003904071388733943e+00 0.000000000000000000e+00 9.100066832769376779e-01 9.024492728585487011e-01
-6.549999999999954525e+00 8.923591745677635911e-01 0.000000000000000000e+00 9.029841578504966826e-01 8.953368877582991159e-01
-6.349999999999909051e+00 4.461795872838817956e-01 0.000000000000000000e+00 8.954136376933271579e-01 8.877059414612591404e-01
-6.149999999999977263e+00 9.481316229782487115e-01 0.000000000000000000e+00 8.872523606640860816e-01 8.795186258747856867e-01
-5.949999999999931788e+00 1.003904071388733943e+00 0.000000000000000000e+00 8.784542277266791377e-01 8.707343763330757103e-01
-5.750000000000000000e+00 3.904071388733965642e-01 0.000000000000000000e+00 8.689695425595354017e-01 8.613096706165368488e-01
-5.549999999999954525e+00 1.059676519799219285e+00 0.000000000000000000e+00 8.587447308455110617e-01 8.511978133176638650e-01
-5.349999999999909051e+00 8.365867261572783598e-01 0.000000000000000000e+00 8.477220376569849503e-01 8.403487044851958299e-01
-5.149999999999977263e+00 1.003904071388733943e+00 0.000000000000000000e+00 8.358392012266906423e-01 8.287085914001559583e-01
-4.949999999999931788e+00 8.923591745677635911e-01 0.000000000000000000e+00 8.230291012616227642e-01 8.162198022539742803e-01
-4.750000000000000000e+00 5.577244841048522028e-01 0.000000000000000000e+00 8.092193798135949301e-01 8.028204604092575858e-01
-4.549999999999954525e+00 7.250418293363078970e-01 0.000000000000000000e+00 7.943320325647531543e-01 7.884441778273172385e-01
-4.349999999999909051e+00 1.059676519799219285e+00 0.000000000000000000e+00 7.782829682196412691e-01 7.730197261437308232e-01
-4.149999999999977263e+00 8.923591745677635911e-01 0.000000000000000000e+00 7.609815335148496507e-01 7.564706837620779334e-01
-3.949999999999931788e+00 1.171221416620189748e+00 0.000000000000000000e+00 7.423300011633281459e-01 7.387150572174083774e-01
-3.750000000000000000e+00 3.346346904629113328e-01 0.000000000000000000e+00 7.222230178411235268e-01 7.196648749335726736e-01
-3.549999999999954525e+00 6.692693809258226656e-01 0.000000000000000000e+00 7.005470090982335307e-01 6.992257513614037467e-01
-3.349999999999909051e+00 6.692693809258226656e-01 0.000000000000000000e+00 6.771795378325303760e-01 6.772964193385477838e-01
-3.149999999999977263e+00 5.577244841048522028e-01 0.000000000000000000e+00 6.519886127028179379e-01 6.537682283537256112e-01
-2.949999999999931788e+00 8.365867261572783598e-01 0.000000000000000000e+00 6.248319425746773348e-01 6.285246062296258041e-01
-2.750000000000000000e+00 5.577244841048522028e-01 0.000000000000000000e+00 5.955561327880034561e-01 6.014404815574527774e-01
-2.549999999999954525e+00 2.788622420524261014e-01 0.000000000000000000e+00 5.639958187059663786e-01 5.723816640211878415e-01
-2.349999999999909051e+00 5.577244841048522028e-01 0.000000000000000000e+00 5.299727316521590792e-01 5.412041795417678047e-01
-2.149999999999977263e+00 2.230897936419408978e-01 0.000000000000000000e+00 4.932946919977829747e-01 5.077535569473781152e-01
-1.949999999999931788e+00 4.461795872838817956e-01 0.000000000000000000e+00 4.537545258103623524e-01 4.718640626902091961e-01
-1.750000000000000000e+00 3.346346904629113328e-01 0.000000000000000000e+00 4.111289725662372607e-01 4.333578828113354708e-01
-1.549999999999954525e+00 3.346346904629113328e-01 0.000000000000000000e+00 3.651792160779165908e-01 3.920443532689684707e-01
-1.349999999999909051e+00 1.673173452314556664e-01 0.000000000000000000e+00 3.156757789256585678e-01 3.477215753822016087e-01
-1.149999999999977263e+00 2.788622420524261014e-01 0.000000000000000000e+00 2.626380805424874954e-01 3.002128269216277623e-01
-9.499999999999317879e-01 1.673173452314556664e-01 0.000000000000000000e+00 2.076746119540191504e-01 2.497070215136515392e-01
-7.500000000000000000e-01 2.230897936419408978e-01 0.000000000000000000e+00 1.581642436023137366e-01 1.986344391741026172e-01
-5.499999999999545253e-01 5.577244841048522445e-02 0.000000000000000000e+00 1.327097797131285839e-01 1.573428515019155149e-01
-3.499999999999090505e-01 2.230897936419408978e-01 0.000000000000000000e+00 1.567183276162077421e-01 1.506939066279635586e-01
-1.499999999999772626e-01 2.788622420524261014e-01 0.000000000000000000e+00 2.414000104532013080e-01 2.094458551934612056e-01
5.000000000006821210e-02 1.115448968209704489e-01 0.000000000000000000e+00 3.689013565712915277e-01 3.395789222922496742e-01
2.500000000000000000e-01 3.346346904629113328e-01 0.000000000000000000e+00 5.068540147585187672e-01 5.059791980612681206e-01
4.500000000000454747e-01 8.365867261572783598e-01 0.000000000000000000e+00 6.323959115250278318e-01 6.605338326653522607e-01
6.500000000000909495e-01 6.692693809258226656e-01 0.000000000000000000e+00 7.381719545656962866e-01 7.775812883506446616e-01
8.500000000000227374e-01 1.003904071388733943e+00 0.000000000000000000e+00 8.250851511781960301e-01 8.569534630210127180e-01
1.050000000000068212e+00 8.365867261572783598e-01 0.000000000000000000e+00 8.960655060691876672e-01 9.084465104130837743e-01
1.250000000000000000e+00 1.115448968209704406e+00 0.000000000000000000e+00 9.539270629007315927e-01 9.414521757719929163e-01
1.450000000000045475e+00 8.365867261572783598e-01 0.000000000000000000e+00 1.001026232599713461e+00 9.625625612676406151e-01
1.650000000000090949e+00 1.003904071388733943e+00 0.000000000000000000e+00 1.039299647370516277e+00 9.760614113493394361e-01
1.850000000000022737e+00 1.059676519799219285e+00 0.000000000000000000e+00 1.070336181901991202e+00 9.846929741888514886e-01
2.050000000000068212e+00 1.226993865030674868e+00 0.000000000000000000e+00 1.095439259966332290e+00 9.902122451641124368e-01
2.250000000000000000e+00 7.808142777467931284e-01 0.000000000000000000e+00 1.115678127718954471e+00 9.937414265912932754e-01
2.450000000000045475e+00 1.226993865030674868e+00 0.000000000000000000e+00 1.131929921336003009e+00 9.959980872254340367e-01
2.650000000000090949e+00 1.394311210262130452e+00 0.000000000000000000e+00 1.144914177760996576e+00 9.974410612755690853e-01
2.850000000000022737e+00 1.059676519799219285e+00 0.000000000000000000e+00 1.155221145973000407e+00 9.983637405999924441e-01
3.050000000000068212e+00 1.171221416620189748e+00 0.000000000000000000e+00 1.163335012443210692e+00 9.989537284349362389e-01
3.250000000000000000e+00 1.059676519799219285e+00 0.000000000000000000e+00 1.169652954390213218e+00 9.993309837133060869e-01
3.450000000000045475e+00 1.450083658672615794e+00 0.000000000000000000e+00 1.174500770324264698e+00 9.995722116448473304e-01
3.650000000000090949e+00 1.171221416620189748e+00 0.000000000000000000e+00 1.178145702732981803e+00 9.997264597582390389e-01
3.850000000000022737e+00 1.282766313441159989e+00 0.000000000000000000e+00 1.180806957309555427e+00 9.998250904612961953e-01
4.050000000000068212e+00 1.115448968209704406e+00 0.000000000000000000e+00 1.182664332514342442e+00 9.998881577842709811e-01
4.250000000000000000e+00 1.338538761851645331e+00 0.000000000000000000e+00 1.183865298927739174e+00 9.999284848538743109e-01
4.450000000000045475e+00 1.282766313441159989e+00 0.000000000000000000e+00 1.184530806872383879e+00 9.999542711480451374e-01
4.650000000000090949e+00 1.115448968209704406e+00 0.000000000000000000e+00 1.184760050757147853e+00 9.999707596500266860e-01
4.850000000000022737e+00 1.226993865030674868e+00 0.000000000000000000e+00 1.184634377556450513e+00 9.999813028748807398e-01
5.050000000000068212e+00 1.003904071388733943e+00 0.000000000000000000e+00 1.184220493171609601e+00 9.999880445176597688e-01
5.250000000000000000e+00 9.481316229782487115e-01 0.000000000000000000e+00 1.183573092802048476e+00 9.999923553189554726e-01
5.450000000000045475e+00 1.003904071388733943e+00 0.000000000000000000e+00 1.182737018796693240e+00 9.999951117699303893e-01
5.650000000000090949e+00 1.505856107083100914e+00 0.000000000000000000e+00 1.181749030868586514e+00 9.999968743243734526e-01
5.850000000000022737e+00 1.003904071388733943e+00 0.000000000000000000e+00 1.180639258307435435e+00 9.999980013526402756e-01
6.050000000000068212e+00 9.481316229782487115e-01 0.000000000000000000e+00 1.179432391315697437e+00 9.999987220070967187e-01
6.250000000000000000e+00 1.450083658672615794e+00 0.000000000000000000e+00 1.178148658331830134e+00 9.999991828143904860e-01
6.450000000000045475e+00 1.450083658672615794e+00 0.000000000000000000e+00 1.176804627785773327e+00 9.999994774678963028e-01
6.650000000000090949e+00 1.115448968209704406e+00 0.000000000000000000e+00 1.175413865825523763e+00 9.999996658778663727e-01
6.850000000000022737e+00 1.115448968209704406e+00 0.000000000000000000e+00 1.173987475888027321e+00 9.999997863526481900e-01
7.050000000000068212e+00 7.808142777467931284e-01 0.000000000000000000e+00 1.172534541339782077e+00 9.999998633877066334e-01
7.250000000000000000e+00 1.784718349135527182e+00 0.000000000000000000e+00 1.171062488599650564e+00 9.999999126461500687e-01
7.450000000000045475e+00 1.115448968209704406e+00 0.000000000000000000e+00 1.169577385028383709e+00 9.999999441434229697e-01
7.650000000000090949e+00 8.923591745677635911e-01 0.000000000000000000e+00 1.168084183303335744e+00 9.999999642836898683e-01
7.850000000000022737e+00 1.115448968209704406e+00 0.000000000000000000e+00 1.166586921891734185e+00 9.999999771619586530e-01
8.050000000000068212e+00 1.171221416620189748e+00 0.000000000000000000e+00 1.165088889508933523e+00 9.999999853966961005e-01
8.250000000000000000e+00 8.923591745677635911e-01 0.000000000000000000e+00 1.163592760031393114e+00 9.999999906622253354e-01
8.450000000000045475e+00 9.481316229782487115e-01 0.000000000000000000e+00 1.162100703171857985e+00 9.999999940291569578e-01
8.650000000000090949e+00 1.226993865030674868e+00 0.000000000000000000e+00 1.160614475270845825e+00 9.999999961820703609e-01
8.850000000000022737e+00 1.115448968209704406e+00 0.000000000000000000e+00 1.159135493776324299e+00 9.999999975587053891e-01
9.050000000000068212e+00 8.923591745677635911e-01 0.000000000000000000e+00 1.157664898341848048e+00 9.999999984389655872e-01
9.250000000000000000e+00 9.481316229782487115e-01 0.000000000000000000e+00 1.156203600947023125e+00 9.999999990018294538e-01
9.450000000000045475e+00 1.617401003904071377e+00 0.000000000000000000e+00 1.154752327012325441e+00 9.999999993617408878e-01
9.650000000000090949e+00 1.059676519799219285e+00 0.000000000000000000e+00 1.153311649126074201e+00 9.999999995918786855e-01
9.850000000000022737e+00 8.923591745677635911e-01 0.000000000000000000e+00 1.151882014710711166e+00 9.999999997390354167e-01
1.005000000000006821e+01 1.282766313441159989e+00 0.000000000000000000e+00 1.150463768717144841e+00 9.999999998331317030e-01
1.025000000000000000e+01 1.505856107083100914e+00 0.000000000000000000e+00 1.149057172240341540e+00 9.999999998932995737e-01
1.045000000000004547e+01 1.115448968209704406e+00 0.000000000000000000e+00 1.147662417788867240e+00 9.999999999317726873e-01
1.065000000000009095e+01 1.171221416620189748e+00 0.000000000000000000e+00 1.146279641809500038e+00 9.999999999563734532e-01
1.085000000000002274e+01 1.338538761851645331e+00 0.000000000000000000e+00 1.144908934960011004e+00 9.999999999721039812e-01
1.105000000000006821e+01 9.481316229782487115e-01 0.000000000000000000e+00 1.143550350534654259e+00 9.999999999821624908e-01
1.125000000000000000e+01 1.115448968209704406e+00 0.000000000000000000e+00 1.142203911374237268e+00 9.999999999885941238e-01
1.145000000000004547e+01 8.365867261572783598e-01 0.000000000000000000e+00 1.140869615533001813e+00 9.999999999927067229e-01
1.165000000000009095e+01 1.226993865030674868e+00 0.000000000000000000e+00 1.139547440925674060e+00 9.999999999953365082e-01
1.185000000000002274e+01 1.171221416620189748e+00 0.000000000000000000e+00 1.138237349137894094e+00 9.999999999970180520e-01
1.205000000000006821e+01 1.226993865030674868e+00 0.000000000000000000e+00 1.136939288550326443e+00 9.999999999980931920e-01
1.225000000000000000e+01 1.728945900725041840e+00 0.000000000000000000e+00 1.135653196899780282e+00 9.999999999987807531e-01
1.245000000000004547e+01 9.481316229782487115e-01 0.000000000000000000e+00 1.134379003378457762e+00 9.999999999992204014e-01
1.265000000000009095e+01 1.059676519799219285e+00 0.000000000000000000e+00 1.133116630354352061e+00 9.999999999995015099e-01
1.285000000000002274e+01 1.450083658672615794e+00 0.000000000000000000e+00 1.131865994780842488e+00 9.999999999996812550e-01
1.305000000000006821e+01 9.481316229782487115e-01 0.000000000000000000e+00 1.130627009351343748e+00 9.999999999997961631e-01
1.325000000000000000e+01 1.394311210262130452e+00 0.000000000000000000e+00 1.129399583444833599e+00 9.999999999998696598e-01
1.345000000000004547e+01 1.226993865030674868e+00 0.000000000000000000e+00 1.128183623899819965e+00 9.999999999999166223e-01
1.365000000000009095e+01 1.115448968209704406e+00 0.000000000000000000e+00 1.126979035647607486e+00 9.999999999999467093e-01
1.385000000000002274e+01 1.338538761851645331e+00 0.000000000000000000e+00 1.125785722230132624e+00 9.999999999999659162e-01
1.405000000000006821e+01 1.450083658672615794e+00 0.000000000000000000e+00 1.124603586223130947e+00 9.999999999999782396e-01
1.425000000000000000e+01 1.115448968209704406e+00 0.000000000000000000e+00 1.123432529581659622e+00 9.999999999999861222e-01
1.445000000000004547e+01 1.003904071388733943e+00 0.000000000000000000e+00 1.122272453921926649e+00 9.999999999999911182e-01
1.465000000000009095e+01 1.003904071388733943e+00 0.000000000000000000e+00 1.121123260750899409e+00 9.999999999999943379e-01
1.485000000000002274e+01 9.481316229782487115e-01 0.000000000000000000e+00 1.119984851653075264e+00 9.999999999999963363e-01
1.505000000000006821e+01 9.481316229782487115e-01 0.000000000000000000e+00 1.118857128442129811e+00 9.999999999999976685e-01
1.525000000000000000e+01 1.505856107083100914e+00 0.000000000000000000e+00 1.117739993283772382e+00 9.999999999999985567e-01
1.545000000000004547e+01 1.394311210262130452e+00 0.000000000000000000e+00 1.116633348794981773e+00 9.999999999999990008e-01
1.565000000000009095e+01 1.171221416620189748e+00 0.000000000000000000e+00 1.115537098123896120e+00 9.999999999999994449e-01
1.585000000000002274e+01 6.134969325153374342e-01 0.000000000000000000e+00 1.114451145013833688e+00 9.999999999999995559e-01
1.605000000000006821e+01 8.365867261572783598e-01 0.000000000000000000e+00 1.113375393854314499e+00 9.999999999999997780e-01
1.625000000000000000e+01 1.059676519799219285e+00 0.000000000000000000e+00 1.112309749721436258e+00 9.999999999999998890e-01
1.645000000000004547e+01 6.692693809258226656e-01 0.000000000000000000e+00 1.111254118409519931e+00 9.999999999999998890e-01
1.665000000000009095e+01 1.003904071388733943e+00 0.000000000000000000e+00 1.110208406455620578e+00 9.999999999999998890e-01
1.685000000000002274e+01 7.808142777467931284e-01 0.000000000000000000e+00 1.109172521158187985e+00 1.000000000000000000e+00
1.705000000000006821e+01 1.338538761851645331e+00 0.000000000000000000e+00 1.108146370590944008e+00 1.000000000000000000e+00
1.725000000000000000e+01 1.282766313441159989e+00 0.000000000000000000e+00 1.107129863612856813e+00 1.000000000000000000e+00
1.745000000000004547e+01 9.481316229782487115e-01 0.000000000000000000e+00 1.106122909874914351e+00 1.000000000000000000e+00
1.765000000000009095e+01 1.561628555493586257e+00 0.000000000000000000e+00 1.105125419824296351e+00 1.000000000000000000e+00
1.785000000000002274e+01 1.003904071388733943e+00 0.000000000000000000e+00 1.104137304706417355e+00 1.000000000000000000e+00
1.805000000000006821e+01 1.059676519799219285e+00 0.000000000000000000e+00 1.103158476565238688e+00 1.000000000000000000e+00
1.825000000000000000e+01 1.338538761851645331e+00 0.000000000000000000e+00 1.102188848242177777e+00 1.000000000000000000e+00
1.845000000000004547e+01 8.923591745677635911e-01 0.000000000000000000e+00 1.101228333373869273e+00 1.000000000000000000e+00
1.865000000000009095e+01 8.923591745677635911e-01 0.000000000000000000e+00 1.100276846389008689e+00 1.000000000000000000e+00
1.885000000000002274e+01 1.282766313441159989e+00 0.000000000000000000e+00 1.099334302504446637e+00 1.000000000000000000e+00
1.905000000000006821e+01 1.003904071388733943e+00 0.000000000000000000e+00 1.098400617720683758e+00 1.000000000000000000e+00
1.925000000000000000e+01 1.171221416620189748e+00 0.000000000000000000e+00 1.097475708816888718e+00 1.000000000000000000e+00
1.945000000000004547e+01 1.450083658672615794e+00 0.000000000000000000e+00 1.096559493345532710e+00 1.000000000000000000e+00
1.965000000000009095e+01 1.171221416620189748e+00 0.000000000000000000e+00 1.095651889626725106e+00 1.000000000000000000e+00
1.985000000000002274e+01 7.808142777467931284e-01 0.000000000000000000e+00 1.094752816742313950e+00 1.000000000000000000e+00
