-1.984999999999999432e+01 1.126213592233009653e+00 0.000000000000000000e+00 9.999897148105872935e-01 9.999842247497557901e-01
-1.965000000000000568e+01 6.213592233009708199e-01 0.000000000000000000e+00 9.999884184048709601e-01 9.999823232339770662e-01
-1.944999999999998863e+01 1.203883495145630977e+00 0.000000000000000000e+00 9.999869585925595938e-01 9.999801925134502723e-01
-1.925000000000000000e+01 1.398058252427184511e+00 0.000000000000000000e+00 9.999853147769256489e-01 9.999778049603130770e-01
-1.904999999999998295e+01 8.155339805825242427e-01 0.000000000000000000e+00 9.999834637651090485e-01 9.999751296164979264e-01
-1.884999999999999432e+01 1.320388349514563187e+00 0.000000000000000000e+00 9.999813794408852763e-01 9.999721317923163655e-01
-1.865000000000000568e+01 9.320388349514563409e-01 0.000000000000000000e+00 9.999790323961874616e-01 9.999687726166572865e-01
-1.844999999999998863e+01 1.359223300970873849e+00 0.000000000000000000e+00 9.999763895161830618e-01 9.999650085329669924e-01
-1.825000000000000000e+01 1.126213592233009653e+00 0.000000000000000000e+00 9.999734135120516010e-01 9.999607907344755242e-01
-1.804999999999998295e+01 6.990291262135922556e-01 0.000000000000000000e+00 9.999700623948704070e-01 9.999560645313463336e-01
-1.784999999999999432e+01 6.601941747572815933e-01 0.000000000000000000e+00 9.999662888831861718e-01 9.999507686415444185e-01
-1.765000000000000568e+01 1.009708737864077666e+00 0.000000000000000000e+00 9.999620397359135771e-01 9.999448343962258345e-01
-1.744999999999998863e+01 8.932038834951456785e-01 0.000000000000000000e+00 9.999572550011479599e-01 9.999381848493473779e-01
-1.725000000000000000e+01 8.543689320388349051e-01 0.000000000000000000e+00 9.999518671702940509e-01 9.999307337799500095e-01
-1.704999999999998295e+01 9.708737864077670032e-01 0.000000000000000000e+00 9.999458002255767752e-01 9.999223845741802563e-01
-1.684999999999999432e+01 1.203883495145630977e+00 0.000000000000000000e+00 9.999389685674938688e-01 9.999130289725521870e-01
-1.665000000000000568e+01 1.165048543689320315e+00 0.000000000000000000e+00 9.999312758070787455e-01 9.999025456662069544e-01
-1.644999999999998863e+01 9.708737864077670032e-01 0.000000000000000000e+00 9.999226134059331361e-01 9.998907987239686879e-01
-1.625000000000000000e+01 8.932038834951456785e-01 0.000000000000000000e+00 9.999128591448408487e-01 9.998776358298011591e-01
-1.604999999999998295e+01 1.320388349514563187e+00 0.000000000000000000e+00 9.999018753993579312e-01 9.998628863078106166e-01
-1.584999999999999432e+01 7.378640776699029180e-01 0.000000000000000000e+00 9.998895071980463678e-01 9.998463589091867165e-01
-1.565000000000000568e+01 1.087378640776698990e+00 0.000000000000000000e+00 9.998755800359575563e-01 9.998278393323863922e-01
-1.544999999999998863e+01 9.708737864077670032e-01 0.000000000000000000e+00 9.998598974125136873e-01 9.998070874444052736e-01
-1.525000000000000000e+01 8.932038834951456785e-01 0.000000000000000000e+00 9.998422380590491487e-01 9.997838341671070328e-01
-1.504999999999998295e+01 1.087378640776698990e+00 0.000000000000000000e+00 9.998223528168956875e-01 9.997577779882380611e-01
-1.484999999999999432e+01 1.126213592233009653e+00 0.000000000000000000e+00 9.997999611219621219e-01 9.997285810518858895e-01
-1.465000000000000568e+01 1.320388349514563187e+00 0.000000000000000000e+00 9.997747470462101660e-01 9.996958647776909013e-01
-1.444999999999998863e+01 8.932038834951456785e-01 0.000000000000000000e+00 9.997463548401755995e-01 9.996592049520062195e-01
-1.425000000000000000e+01 9.708737864077670032e-01 0.000000000000000000e+00 9.997143839136405363e-01 9.996181262273559076e-01
-1.404999999999998295e+01 9.320388349514563409e-01 0.000000000000000000e+00 9.996783831836422163e-01 9.995720959588706434e-01
-1.384999999999999432e+01 9.708737864077670032e-01 0.000000000000000000e+00 9.996378447100702225e-01 9.995205172977786878e-01
-1.365000000000000568e+01 1.126213592233009653e+00 0.000000000000000000e+00 9.995921965290577305e-01 9.994627214524016701e-01
-1.344999999999998863e+01 1.009708737864077666e+00 0.000000000000000000e+00 9.995407945830506735e-01 9.993979590163063476e-01
-1.325000000000000000e+01 6.990291262135922556e-01 0.000000000000000000e+00 9.994829136336962350e-01 9.993253902511705089e-01
-1.304999999999998295e+01 1.165048543689320315e+00 0.000000000000000000e+00 9.994177370293375606e-01 9.992440741983648067e-01
-1.284999999999999432e+01 7.378640776699029180e-01 0.000000000000000000e+00 9.993443451827437318e-01 9.991529564780686767e-01
-1.265000000000000568e+01 9.708737864077670032e-01 0.000000000000000000e+00 9.992617025965048194e-01 9.990508556177156718e-01
-1.244999999999998863e+01 1.126213592233009653e+00 0.000000000000000000e+00 9.991686432530326734e-01 9.989364477324992331e-01
-1.225000000000000000e+01 8.543689320388349051e-01 0.000000000000000000e+00 9.990638541630295633e-01 9.988082493592980171e-01
-1.204999999999998295e+01 1.165048543689320315e+00 0.000000000000000000e+00 9.989458568403106753e-01 9.986645982214386041e-01
-1.184999999999999432e+01 8.543689320388349051e-01 0.000000000000000000e+00 9.988129864416042114e-01 9.985036316748824303e-01
-1.165000000000000568e+01 1.048543689320388328e+00 0.000000000000000000e+00 9.986633682770081899e-01 9.983232625563616125e-01
-1.144999999999998863e+01 1.087378640776698990e+00 0.000000000000000000e+00 9.984948913596889408e-01 9.981211521202989490e-01
-1.125000000000000000e+01 8.155339805825242427e-01 0.000000000000000000e+00 9.983051786216261547e-01 9.978946797136007962e-01
-1.104999999999998295e+01 9.320388349514563409e-01 0.000000000000000000e+00 9.980915533751775204e-01 9.976409087951125798e-01
-1.084999999999999432e+01 8.543689320388349051e-01 0.000000000000000000e+00 9.978510015472596972e-01 9.973565488591307204e-01
-1.065000000000000568e+01 1.165048543689320315e+00 0.000000000000000000e+00 9.975801291533057391e-01 9.970379127692536869e-01
-1.044999999999998863e+01 8.543689320388349051e-01 0.000000000000000000e+00 9.972751144109881505e-01 9.966808689493442674e-01
-1.025000000000000000e+01 1.048543689320388328e+00 0.000000000000000000e+00 9.969316538180755805e-01 9.962807878116907156e-01
-1.004999999999998295e+01 1.165048543689320315e+00 0.000000000000000000e+00 9.965449014336250633e-01 9.958324817277294239e-01
-9.849999999999994316e+00 8.932038834951456785e-01 0.000000000000000000e+00 9.961094005058196421e-01 9.953301377629641955e-01
-9.650000000000005684e+00 8.543689320388349051e-01 0.000000000000000000e+00 9.956190064817750374e-01 9.947672423038923517e-01
-9.449999999999988631e+00 8.932038834951456785e-01 0.000000000000000000e+00 9.950668003130523909e-01 9.941364965996182246e-01
-9.250000000000000000e+00 9.320388349514563409e-01 0.000000000000000000e+00 9.944449908336865374e-01 9.934297221230284913e-01
-9.049999999999982947e+00 1.165048543689320315e+00 0.000000000000000000e+00 9.937448048333675787e-01 9.926377545244006173e-01
-8.849999999999994316e+00 1.203883495145630977e+00 0.000000000000000000e+00 9.929563632748011903e-01 9.917503248024014395e-01
-8.650000000000005684e+00 9.320388349514563409e-01 0.000000000000000000e+00 9.920685419087765800e-01 9.907559261516838411e-01
-8.449999999999988631e+00 9.320388349514563409e-01 0.000000000000000000e+00 9.910688143203382205e-01 9.896416647605714711e-01
-8.250000000000000000e+00 8.932038834951456785e-01 0.000000000000000000e+00 9.899430751915767601e-01 9.883930926242081583e-01
-8.049999999999982947e+00 8.155339805825242427e-01 0.000000000000000000e+00 9.886754412874204645e-01 9.869940202053505418e-01
-7.849999999999994316e+00 8.932038834951456785e-01 0.000000000000000000e+00 9.872480273565088504e-01 9.854263065136860122e-01
-7.650000000000005684e+00 9.708737864077670032e-01 0.000000000000000000e+00 9.856406937852940642e-01 9.836696238817465021e-01
-7.449999999999988631e+00 1.165048543689320315e+00 0.000000000000000000e+00 9.838307624449821320e-01 9.817011943874031088e-01
-7.250000000000000000e+00 1.281553398058252524e+00 0.000000000000000000e+00 9.817926967221550782e-01 9.794954945052782858e-01
-7.049999999999982947e+00 1.398058252427184511e+00 0.000000000000000000e+00 9.794977412185678078e-01 9.770239241574515399e-01
-6.849999999999994316e+00 1.165048543689320315e+00 0.000000000000000000e+00 9.769135160365957082e-01 9.742544358722318165e-01
-6.650000000000005684e+00 9.320388349514563409e-01 0.000000000000000000e+00 9.740035599260301602e-01 9.711511192424970851e-01
-6.449999999999988631e+00 8.155339805825242427e-01 0.000000000000000000e+00 9.707268158464150698e-01 9.676737352955108173e-01
-6.250000000000000000e+00 1.009708737864077666e+00 0.000000000000000000e+00 9.670370516866380051e-01 9.637771947366481351e-01
-6.049999999999982947e+00 1.165048543689320315e+00 0.000000000000000000e+00 9.628822079686085722e-01 9.594109733017028852e-01
-5.849999999999994316e+00 1.126213592233009653e+00 0.000000000000000000e+00 9.582036633316830532e-01 9.545184566369887547e-01
-5.650000000000005684e+00 6.990291262135922556e-01 0.000000000000000000e+00 9.529354074344220660e-01 9.490362062126447285e-01
-5.449999999999988631e+00 8.155339805825242427e-01 0.000000000000000000e+00 9.470031096040292251e-01 9.428931367506664385e-01
-5.250000000000000000e+00 7.766990291262135804e-01 0.000000000000000000e+00 9.403230700928939534e-01 9.360095945018291896e-01
-5.049999999999982947e+00 8.932038834951456785e-01 0.000000000000000000e+00 9.328010391453369632e-01 9.282963244200216346e-01
-4.849999999999994316e+00 9.708737864077670032e-01 0.000000000000000000e+00 9.243308872126020370e-01 9.196533128419435155e-01
-4.650000000000005684e+00 7.766990291262135804e-01 0.000000000000000000e+00 9.147931075539148527e-01 9.099684906658095374e-01
-4.449999999999988631e+00 1.009708737864077666e+00 0.000000000000000000e+00 9.040531300965910511e-01 8.991162802139280874e-01
-4.250000000000000000e+00 7.378640776699029180e-01 0.000000000000000000e+00 8.919594227651652663e-01 8.869559669371276378e-01
-4.049999999999982947e+00 1.203883495145630977e+00 0.000000000000000000e+00 8.783413534908681708e-01 8.733298748478122153e-01
-3.849999999999994316e+00 9.320388349514563409e-01 0.000000000000000000e+00 8.630067827362410959e-01 8.580613220235459027e-01
-3.650000000000005684e+00 6.990291262135922556e-01 0.000000000000000000e+00 8.457393525673756463e-01 8.409523296712747564e-01
-3.449999999999988631e+00 5.436893203883494952e-01 0.000000000000000000e+00 8.262954340249071272e-01 8.217810550469435427e-01
-3.250000000000000000e+00 8.932038834951456785e-01 0.000000000000000000e+00 8.044006897237125919e-01 8.002989149445995931e-01
-3.049999999999982947e+00 6.990291262135922556e-01 0.000000000000000000e+00 7.797462031824431428e-01 7.762273624568387653e-01
-2.849999999999994316e+00 8.543689320388349051e-01 0.000000000000000000e+00 7.519841202710524364e-01 7.492542752127220318e-01
-2.650000000000005684e+00 6.213592233009708199e-01 0.000000000000000000e+00 7.207227412807253319e-01 7.190299082613731407e-01
-2.449999999999988631e+00 7.378640776699029180e-01 0.000000000000000000e+00 6.855209943717741616e-01 6.851623591251235768e-01
-2.250000000000000000e+00 4.271844660194174526e-01 0.000000000000000000e+00 6.458822125967726979e-01 6.472124862640136200e-01
-2.049999999999982947e+00 8.932038834951456785e-01 0.000000000000000000e+00 6.012471351173185319e-01 6.046882176156656019e-01
-1.849999999999994316e+00 5.048543689320388328e-01 0.000000000000000000e+00 5.509862966643148674e-01 5.570382703169819427e-01
-1.650000000000005684e+00 5.048543689320388328e-01 0.000000000000000000e+00 4.943968807592311610e-01 5.036474359881294438e-01
-1.449999999999988631e+00 4.271844660194174526e-01 0.000000000000000000e+00 4.307672539227838104e-01 4.438661939261741018e-01
-1.250000000000000000e+00 3.106796116504854099e-01 0.000000000000000000e+00 3.599679504270791863e-01 3.773652954472749288e-01
-1.049999999999982947e+00 3.106796116504854099e-01 0.000000000000000000e+00 2.853419377612691488e-01 3.062490393627972374e-01
-8.499999999999943157e-01 2.718446601941747476e-01 0.000000000000000000e+00 2.211780217782719493e-01 2.419495028601615916e-01
-6.500000000000056843e-01 3.883495145631067902e-01 0.000000000000000000e+00 1.988141878459062095e-01 2.144395536128214097e-01
-4.499999999999886313e-01 2.718446601941747476e-01 0.000000000000000000e+00 2.522619182840298291e-01 2.636622104168711012e-01
-2.500000000000000000e-01 5.436893203883494952e-01 0.000000000000000000e+00 3.840078605630223851e-01 4.003882193229909570e-01
-4.999999999998294697e-02 5.048543689320388328e-01 0.000000000000000000e+00 5.551163024211404062e-01 5.812341122846385044e-01
1.500000000000056843e-01 5.825242718446601575e-01 0.000000000000000000e+00 7.185108620308547911e-01 7.438571266527665982e-01
3.499999999999943157e-01 1.009708737864077666e+00 0.000000000000000000e+00 8.500981076330914599e-01 8.565605960108220174e-01
5.500000000000113687e-01 6.990291262135922556e-01 0.000000000000000000e+00 9.480068615322214676e-01 9.230413419639165173e-01
7.500000000000000000e-01 9.708737864077670032e-01 0.000000000000000000e+00 1.018801745715284257e+00 9.592963292294688360e-01
9.500000000000170530e-01 9.708737864077670032e-01 0.000000000000000000e+00 1.069446902944734878e+00 9.785397850475029413e-01
1.150000000000005684e+00 1.126213592233009653e+00 0.000000000000000000e+00 1.105379991993238553e+00 9.886906969065408779e-01
1.349999999999994316e+00 1.320388349514563187e+00 0.000000000000000000e+00 1.130602427755786676e+00 9.940403748053983080e-01
1.550000000000011369e+00 1.203883495145630977e+00 0.000000000000000000e+00 1.148033577030438623e+00 9.968594847266872838e-01
1.750000000000000000e+00 1.398058252427184511e+00 0.000000000000000000e+00 1.159801578980206971e+00 9.983450578135192321e-01
1.950000000000017053e+00 1.281553398058252524e+00 0.000000000000000000e+00 1.167457636982448088e+00 9.991279031003448274e-01
2.150000000000005684e+00 1.126213592233009653e+00 0.000000000000000000e+00 1.172132346315220897e+00 9.995404353042863788e-01
2.349999999999994316e+00 1.087378640776698990e+00 0.000000000000000000e+00 1.174649666379031565e+00 9.997578254095047523e-01
2.550000000000011369e+00 1.087378640776698990e+00 0.000000000000000000e+00 1.175610011231995156e+00 9.998723824244364344e-01
2.750000000000000000e+00 1.436893203883495174e+00 0.000000000000000000e+00 1.175450826018467509e+00 9.999327499819059550e-01
2.950000000000017053e+00 9.320388349514563409e-01 0.000000000000000000e+00 1.174490749661152522e+00 9.999645615824178657e-01
3.150000000000005684e+00 1.320388349514563187e+00 0.000000000000000000e+00 1.172961811245444741e+00 9.999813251880620424e-01
3.349999999999994316e+00 1.320388349514563187e+00 0.000000000000000000e+00 1.171032902459992808e+00 9.999901590244510974e-01
3.550000000000011369e+00 1.048543689320388328e+00 0.000000000000000000e+00 1.168826889914181599e+00 9.999948141485935915e-01
3.750000000000000000e+00 1.009708737864077666e+00 0.000000000000000000e+00 1.166433090657940319e+00 9.999972672369038529e-01
3.950000000000017053e+00 1.242718446601941640e+00 0.000000000000000000e+00 1.163916367281092379e+00 9.999985599290156513e-01
4.150000000000005684e+00 1.009708737864077666e+00 0.000000000000000000e+00 1.161323758544447360e+00 9.999992411327410791e-01
4.349999999999994316e+00 1.553398058252427161e+00 0.000000000000000000e+00 1.158689313310565350e+00 9.999996001033818471e-01
4.550000000000011369e+00 1.048543689320388328e+00 0.000000000000000000e+00 1.156037614605281982e+00 9.999997892684084899e-01
4.750000000000000000e+00 1.203883495145630977e+00 0.000000000000000000e+00 1.153386348730469413e+00 9.999998889517899281e-01
4.950000000000017053e+00 9.708737864077670032e-01 0.000000000000000000e+00 1.150748178180053705e+00 9.999999414814604304e-01
5.150000000000005684e+00 1.165048543689320315e+00 0.000000000000000000e+00 1.148132107000472857e+00 9.999999691627675658e-01
5.349999999999994316e+00 1.126213592233009653e+00 0.000000000000000000e+00 1.145544476122948296e+00 9.999999837498524391e-01
5.550000000000011369e+00 1.398058252427184511e+00 0.000000000000000000e+00 1.142989688930837744e+00 9.999999914367381226e-01
5.750000000000000000e+00 1.087378640776698990e+00 0.000000000000000000e+00 1.140470740158219920e+00 9.999999954874592145e-01
5.950000000000017053e+00 1.009708737864077666e+00 0.000000000000000000e+00 1.137989601409861162e+00 9.999999976220481646e-01
6.150000000000005684e+00 1.087378640776698990e+00 0.000000000000000000e+00 1.135547502153348987e+00 9.999999987469021523e-01
6.349999999999994316e+00 9.320388349514563409e-01 0.000000000000000000e+00 1.133145134507203666e+00 9.999999993396611053e-01
6.550000000000011369e+00 1.398058252427184511e+00 0.000000000000000000e+00 1.130782802474237458e+00 9.999999996520243517e-01
6.750000000000000000e+00 9.708737864077670032e-01 0.000000000000000000e+00 1.128460530674306517e+00 9.999999998166290149e-01
6.950000000000017053e+00 1.009708737864077666e+00 0.000000000000000000e+00 1.126178143551561428e+00 9.999999999033698517e-01
7.150000000000005684e+00 1.126213592233009653e+00 0.000000000000000000e+00 1.123935323057486002e+00 9.999999999490792879e-01
7.349999999999994316e+00 1.398058252427184511e+00 0.000000000000000000e+00 1.121731650642981970e+00 9.999999999731665756e-01
7.550000000000011369e+00 1.009708737864077666e+00 0.000000000000000000e+00 1.119566637812177134e+00 9.999999999858597555e-01
7.750000000000000000e+00 1.009708737864077666e+00 0.000000000000000000e+00 1.117439748338315830e+00 9.999999999925485161e-01
7.950000000000017053e+00 8.155339805825242427e-01 0.000000000000000000e+00 1.115350414402003443e+00 9.999999999960733632e-01
8.150000000000005684e+00 1.087378640776698990e+00 0.000000000000000000e+00 1.113298048299630860e+00 9.999999999979307663e-01
8.349999999999994316e+00 1.048543689320388328e+00 0.000000000000000000e+00 1.111282050923276810e+00 9.999999999989096500e-01
8.550000000000011369e+00 8.543689320388349051e-01 0.000000000000000000e+00 1.109301817887888397e+00 9.999999999994253486e-01
8.750000000000000000e+00 1.242718446601941640e+00 0.000000000000000000e+00 1.107356743944200250e+00 9.999999999996972422e-01
8.950000000000017053e+00 1.087378640776698990e+00 0.000000000000000000e+00 1.105446226142849264e+00 9.999999999998404610e-01
9.150000000000005684e+00 1.436893203883495174e+00 0.000000000000000000e+00 1.103569666089003753e+00 9.999999999999159561e-01
9.349999999999994316e+00 1.165048543689320315e+00 0.000000000000000000e+00 1.101726471534863805e+00 9.999999999999557021e-01
9.550000000000011369e+00 1.048543689320388328e+00 0.000000000000000000e+00 1.099916057490356147e+00 9.999999999999766853e-01
9.750000000000000000e+00 1.165048543689320315e+00 0.000000000000000000e+00 1.098137846983469057e+00 9.999999999999876765e-01
9.950000000000017053e+00 1.048543689320388328e+00 0.000000000000000000e+00 1.096391271566032666e+00 9.999999999999935607e-01
1.015000000000000568e+01 1.009708737864077666e+00 0.000000000000000000e+00 1.094675771634790573e+00 9.999999999999965583e-01
1.034999999999999432e+01 1.165048543689320315e+00 0.000000000000000000e+00 1.092990796618654503e+00 9.999999999999982236e-01
1.055000000000001137e+01 1.126213592233009653e+00 0.000000000000000000e+00 1.091335805069231446e+00 9.999999999999990008e-01
1.075000000000000000e+01 9.320388349514563409e-01 0.000000000000000000e+00 1.089710264681660101e+00 9.999999999999994449e-01
1.095000000000001705e+01 7.766990291262135804e-01 0.000000000000000000e+00 1.088113652265431330e+00 9.999999999999997780e-01
1.115000000000000568e+01 1.048543689320388328e+00 0.000000000000000000e+00 1.086545453679546247e+00 9.999999999999998890e-01
1.134999999999999432e+01 1.009708737864077666e+00 0.000000000000000000e+00 1.085005163742440937e+00 9.999999999999998890e-01
1.155000000000001137e+01 9.708737864077670032e-01 0.000000000000000000e+00 1.083492286124282611e+00 1.000000000000000000e+00
1.175000000000000000e+01 9.320388349514563409e-01 0.000000000000000000e+00 1.082006333227160777e+00 1.000000000000000000e+00
1.195000000000001705e+01 1.242718446601941640e+00 0.000000000000000000e+00 1.080546826057185328e+00 1.000000000000000000e+00
1.215000000000000568e+01 1.203883495145630977e+00 0.000000000000000000e+00 1.079113294091410991e+00 1.000000000000000000e+00
1.234999999999999432e+01 8.543689320388349051e-01 0.000000000000000000e+00 1.077705275141693564e+00 1.000000000000000000e+00
1.255000000000001137e+01 8.155339805825242427e-01 0.000000000000000000e+00 1.076322315217010273e+00 1.000000000000000000e+00
1.275000000000000000e+01 1.242718446601941640e+00 0.000000000000000000e+00 1.074963968385342028e+00 1.000000000000000000e+00
1.295000000000001705e+01 1.048543689320388328e+00 0.000000000000000000e+00 1.073629796635906963e+00 1.000000000000000000e+00
1.315000000000000568e+01 1.436893203883495174e+00 0.000000000000000000e+00 1.072319369742314121e+00 1.000000000000000000e+00
1.334999999999999432e+01 1.009708737864077666e+00 0.000000000000000000e+00 1.071032265127028538e+00 1.000000000000000000e+00
1.355000000000001137e+01 1.165048543689320315e+00 0.000000000000000000e+00 1.069768067727438376e+00 1.000000000000000000e+00
1.375000000000000000e+01 1.087378640776698990e+00 0.000000000000000000e+00 1.068526369863707748e+00 1.000000000000000000e+00
1.395000000000001705e+01 1.048543689320388328e+00 0.000000000000000000e+00 1.067306771108546881e+00 1.000000000000000000e+00
1.415000000000000568e+01 1.009708737864077666e+00 0.000000000000000000e+00 1.066108878158987805e+00 1.000000000000000000e+00
1.434999999999999432e+01 9.320388349514563409e-01 0.000000000000000000e+00 1.064932304710207056e+00 1.000000000000000000e+00
1.455000000000001137e+01 1.165048543689320315e+00 0.000000000000000000e+00 1.063776671331429169e+00 1.000000000000000000e+00
1.475000000000000000e+01 1.009708737864077666e+00 0.000000000000000000e+00 1.062641605343915829e+00 1.000000000000000000e+00
1.495000000000001705e+01 1.359223300970873849e+00 0.000000000000000000e+00 1.061526740701035587e+00 1.000000000000000000e+00
1.515000000000000568e+01 1.087378640776698990e+00 0.000000000000000000e+00 1.060431717870404800e+00 1.000000000000000000e+00
1.534999999999999432e+01 7.766990291262135804e-01 0.000000000000000000e+00 1.059356183718077826e+00 1.000000000000000000e+00
1.555000000000001137e+01 9.320388349514563409e-01 0.000000000000000000e+00 1.058299791394763822e+00 1.000000000000000000e+00
1.575000000000000000e+01 1.126213592233009653e+00 0.000000000000000000e+00 1.057262200224043047e+00 1.000000000000000000e+00
1.595000000000001705e+01 1.553398058252427161e+00 0.000000000000000000e+00 1.056243075592554703e+00 1.000000000000000000e+00
1.615000000000000568e+01 9.320388349514563409e-01 0.000000000000000000e+00 1.055242088842126780e+00 1.000000000000000000e+00
1.634999999999999432e+01 8.543689320388349051e-01 0.000000000000000000e+00 1.054258917163813036e+00 1.000000000000000000e+00
1.655000000000001137e+01 1.436893203883495174e+00 0.000000000000000000e+00 1.053293243493811593e+00 1.000000000000000000e+00
1.675000000000000000e+01 9.708737864077670032e-01 0.000000000000000000e+00 1.052344756411230264e+00 1.000000000000000000e+00
1.695000000000001705e+01 6.213592233009708199e-01 0.000000000000000000e+00 1.051413150037664668e+00 1.000000000000000000e+00
1.715000000000000568e+01 1.242718446601941640e+00 0.000000000000000000e+00 1.050498123938565787e+00 1.000000000000000000e+00
1.734999999999999432e+01 1.009708737864077666e+00 0.000000000000000000e+00 1.049599383026356803e+00 1.000000000000000000e+00
1.755000000000001137e+01 1.165048543689320315e+00 0.000000000000000000e+00 1.048716637465274992e+00 1.000000000000000000e+00
1.775000000000000000e+01 9.708737864077670032e-01 0.000000000000000000e+00 1.047849602577904271e+00 1.000000000000000000e+00
1.795000000000001705e+01 8.932038834951456785e-01 0.000000000000000000e+00 1.046997998753372849e+00 1.000000000000000000e+00
1.815000000000000568e+01 9.708737864077670032e-01 0.000000000000000000e+00 1.046161551357183139e+00 1.000000000000000000e+00
1.834999999999999432e+01 1.048543689320388328e+00 0.000000000000000000e+00 1.045339990642643491e+00 1.000000000000000000e+00
1.855000000000001137e+01 1.281553398058252524e+00 0.000000000000000000e+00 1.044533051663880219e+00 1.000000000000000000e+00
1.875000000000000000e+01 1.165048543689320315e+00 0.000000000000000000e+00 1.043740474190396172e+00 1.000000000000000000e+00
1.895000000000001705e+01 1.320388349514563187e+00 0.000000000000000000e+00 1.042962002623146756e+00 1.000000000000000000e+00
1.915000000000000568e+01 1.009708737864077666e+00 0.000000000000000000e+00 1.042197385912114527e+00 1.000000000000000000e+00
1.934999999999999432e+01 1.203883495145630977e+00 0.000000000000000000e+00 1.041446377475345741e+00 1.000000000000000000e+00
1.955000000000001137e+01 1.203883495145630977e+00 0.000000000000000000e+00 1.040708735119431960e+00 1.000000000000000000e+00
1.975000000000000000e+01 1.087378640776698990e+00 0.000000000000000000e+00 1.039984220961404082e+00 1.000000000000000000e+00
1.995000000000001705e+01 9.708737864077670032e-01 0.000000000000000000e+00 1.039272601352017045e+00 1.000000000000000000e+00
