-1.984999999999999432e+01 8.040201005025124914e-01 9.997602974838550871e-01 9.997794189774762419e-01 0.000000000000000000e+00
-1.965000000000000568e+01 8.710217755443885324e-01 9.997396478040504464e-01 9.997601871090194825e-01 0.000000000000000000e+00
-1.944999999999998863e+01 1.172529313232830717e+00 9.997172192139410773e-01 9.997392784654708375e-01 0.000000000000000000e+00
-1.925000000000000000e+01 9.715242881072025938e-01 9.996928584655394578e-01 9.997165468533015797e-01 0.000000000000000000e+00
-1.905000000000001137e+01 1.239530988274706758e+00 9.996663991089864698e-01 9.996918333327613482e-01 0.000000000000000000e+00
-1.884999999999999432e+01 1.373534338358458839e+00 9.996376603552479256e-01 9.996649651065682152e-01 0.000000000000000000e+00
-1.865000000000000568e+01 8.710217755443885324e-01 9.996064458408364661e-01 9.996357543117085909e-01 0.000000000000000000e+00
-1.844999999999998863e+01 1.105527638190954676e+00 9.995725422861170273e-01 9.996039967058955034e-01 0.000000000000000000e+00
-1.825000000000000000e+01 8.040201005025124914e-01 9.995357180380294304e-01 9.995694702395045983e-01 0.000000000000000000e+00
-1.805000000000001137e+01 9.045226130653265528e-01 9.994957214872715046e-01 9.995319335029994035e-01 0.000000000000000000e+00
-1.784999999999999432e+01 8.375209380234505119e-01 9.994522793491259494e-01 9.994911240389924290e-01 0.000000000000000000e+00
-1.765000000000000568e+01 6.700167504187604095e-01 9.994050947961855558e-01 9.994467565071398774e-01 0.000000000000000000e+00
-1.744999999999998863e+01 1.306532663316582799e+00 9.993538454302195451e-01 9.993985206890378947e-01 0.000000000000000000e+00
-1.725000000000000000e+01 1.005025125628140614e+00 9.992981810793195585e-01 9.993460793191707436e-01 0.000000000000000000e+00
-1.705000000000001137e+01 1.273031825795644778e+00 9.992377214052785561e-01 9.992890657267459176e-01 0.000000000000000000e+00
-1.684999999999999432e+01 9.045226130653265528e-01 9.991720533048509267e-01 9.992270812719268314e-01 0.000000000000000000e+00
-1.665000000000000568e+01 1.005025125628140614e+00 9.991007280871387897e-01 9.991596925585373157e-01 0.000000000000000000e+00
-1.644999999999998863e+01 1.038525963149078635e+00 9.990232584078188038e-01 9.990864284037496157e-01 0.000000000000000000e+00
-1.625000000000000000e+01 1.507537688442210921e+00 9.989391149392610192e-01 9.990067765435676206e-01 0.000000000000000000e+00
-1.605000000000001137e+01 8.710217755443885324e-01 9.988477227537881920e-01 9.989201800510695284e-01 0.000000000000000000e+00
-1.584999999999999432e+01 8.375209380234505119e-01 9.987484573953632205e-01 9.988260334423669784e-01 0.000000000000000000e+00
-1.565000000000000568e+01 8.040201005025124914e-01 9.986406406128641722e-01 9.987236784430536529e-01 0.000000000000000000e+00
-1.544999999999998863e+01 1.105527638190954676e+00 9.985235357257928879e-01 9.986123993855409164e-01 0.000000000000000000e+00
-1.525000000000000000e+01 7.705192629815744709e-01 9.983963425907529388e-01 9.984914182051003451e-01 0.000000000000000000e+00
-1.505000000000001137e+01 4.690117252931322867e-01 9.982581921343041120e-01 9.983598889996241343e-01 0.000000000000000000e+00
-1.484999999999999432e+01 7.705192629815744709e-01 9.981081404148379743e-01 9.982168921150657015e-01 0.000000000000000000e+00
-1.465000000000000568e+01 1.172529313232830717e+00 9.979451621729016342e-01 9.980614277152057845e-01 0.000000000000000000e+00
-1.444999999999998863e+01 8.710217755443885324e-01 9.977681438258998448e-01 9.978924087907833362e-01 0.000000000000000000e+00
-1.425000000000000000e+01 9.715242881072025938e-01 9.975758758593115116e-01 9.977086535591120908e-01 0.000000000000000000e+00
-1.405000000000001137e+01 1.005025125628140614e+00 9.973670445624311931e-01 9.975088772010387572e-01 0.000000000000000000e+00
-1.384999999999999432e+01 7.705192629815744709e-01 9.971402230521683174e-01 9.972916828774702758e-01 0.000000000000000000e+00
-1.365000000000000568e+01 7.705192629815744709e-01 9.968938615235732881e-01 9.970555519626546070e-01 0.000000000000000000e+00
-1.344999999999998863e+01 6.030150753768843686e-01 9.966262766604738754e-01 9.967988334259286765e-01 0.000000000000000000e+00
-1.325000000000000000e+01 9.045226130653265528e-01 9.963356401338689938e-01 9.965197322876887531e-01 0.000000000000000000e+00
-1.305000000000001137e+01 1.206030150753768737e+00 9.960199661094920609e-01 9.962162970688677177e-01 0.000000000000000000e+00
-1.284999999999999432e+01 6.365159128978223890e-01 9.956770976791869954e-01 9.958864061461664141e-01 0.000000000000000000e+00
-1.265000000000000568e+01 8.375209380234505119e-01 9.953046921233864586e-01 9.955277529176337348e-01 0.000000000000000000e+00
-1.244999999999998863e+01 1.340033500837520819e+00 9.949002049039954443e-01 9.951378296748730756e-01 0.000000000000000000e+00
-1.225000000000000000e+01 1.239530988274706758e+00 9.944608722783073729e-01 9.947139100691109181e-01 0.000000000000000000e+00
-1.205000000000001137e+01 9.380234505862645733e-01 9.939836924151596032e-01 9.942530300485271644e-01 0.000000000000000000e+00
-1.184999999999999432e+01 9.380234505862645733e-01 9.934654048843005736e-01 9.937519671335639515e-01 0.000000000000000000e+00
-1.165000000000000568e+01 1.105527638190954676e+00 9.929024683788244543e-01 9.932072178853031952e-01 0.000000000000000000e+00
-1.144999999999998863e+01 1.105527638190954676e+00 9.922910365184584025e-01 9.926149734093724364e-01 0.000000000000000000e+00
-1.125000000000000000e+01 1.306532663316582799e+00 9.916269315683726715e-01 9.919710927241024434e-01 0.000000000000000000e+00
-1.105000000000001137e+01 1.172529313232830717e+00 9.909056158939419934e-01 9.912710738067251892e-01 0.000000000000000000e+00
-1.084999999999999432e+01 1.072026800670016655e+00 9.901221609564168080e-01 9.905100221151671436e-01 0.000000000000000000e+00
-1.065000000000000568e+01 1.373534338358458839e+00 9.892712136376624610e-01 9.896826163653439368e-01 0.000000000000000000e+00
-1.044999999999998863e+01 1.340033500837520819e+00 9.883469596638693178e-01 9.887830713246655856e-01 0.000000000000000000e+00
-1.025000000000000000e+01 8.375209380234505119e-01 9.873430838783240349e-01 9.878050973616111508e-01 0.000000000000000000e+00
-1.005000000000001137e+01 1.072026800670016655e+00 9.862527270917922362e-01 9.867418564685355165e-01 0.000000000000000000e+00
-9.849999999999994316e+00 1.005025125628140614e+00 9.850684392156878744e-01 9.855859144502248093e-01 0.000000000000000000e+00
-9.650000000000005684e+00 9.045226130653265528e-01 9.837821283578001008e-01 9.843291889438999798e-01 0.000000000000000000e+00
-9.449999999999988631e+00 1.139028475711892696e+00 9.823850055327628672e-01 9.829628929072214971e-01 0.000000000000000000e+00
-9.250000000000000000e+00 1.038525963149078635e+00 9.808675246094928912e-01 9.814774731791683360e-01 0.000000000000000000e+00
-9.050000000000011369e+00 1.206030150753768737e+00 9.792193170852709905e-01 9.798625436842001157e-01 0.000000000000000000e+00
-8.849999999999994316e+00 9.045226130653265528e-01 9.774291212407999474e-01 9.781068128126730876e-01 0.000000000000000000e+00
-8.650000000000005684e+00 8.040201005025124914e-01 9.754847051921755607e-01 9.761980044697472492e-01 0.000000000000000000e+00
-8.449999999999988631e+00 8.710217755443885324e-01 9.733727833140046748e-01 9.741227722407578282e-01 0.000000000000000000e+00
-8.250000000000000000e+00 9.045226130653265528e-01 9.710789254626197575e-01 9.718666060728995415e-01 0.000000000000000000e+00
-8.050000000000011369e+00 1.541038525963148942e+00 9.685874583791317383e-01 9.694137308207317894e-01 0.000000000000000000e+00
-7.849999999999994316e+00 9.715242881072025938e-01 9.658813585986432138e-01 9.667469959461416629e-01 0.000000000000000000e+00
-7.650000000000005684e+00 6.700167504187604095e-01 9.629421361338990071e-01 9.638477556015427883e-01 0.000000000000000000e+00
-7.449999999999988631e+00 9.045226130653265528e-01 9.597497081386165974e-01 9.606957382578447113e-01 0.000000000000000000e+00
-7.250000000000000000e+00 1.072026800670016655e+00 9.562822616872821424e-01 9.572689049656414317e-01 0.000000000000000000e+00
-7.050000000000011369e+00 9.045226130653265528e-01 9.525161047338157605e-01 9.535432952585651822e-01 0.000000000000000000e+00
-6.849999999999994316e+00 1.306532663316582799e+00 9.484255042307605521e-01 9.494928596213710881e-01 0.000000000000000000e+00
-6.650000000000005684e+00 1.239530988274706758e+00 9.439825103029081399e-01 9.450892773513641654e-01 0.000000000000000000e+00
-6.449999999999988631e+00 9.045226130653265528e-01 9.391567652739825078e-01 9.403017585396447053e-01 0.000000000000000000e+00
-6.250000000000000000e+00 9.380234505862645733e-01 9.339152962415344650e-01 9.350968287876396667e-01 0.000000000000000000e+00
-6.050000000000011369e+00 8.375209380234505119e-01 9.282222897827507868e-01 9.294380951536344027e-01 0.000000000000000000e+00
-5.849999999999994316e+00 7.705192629815744709e-01 9.220388472518274980e-01 9.232859916928155553e-01 0.000000000000000000e+00
-5.650000000000005684e+00 7.035175879396984300e-01 9.153227189969179722e-01 9.165975028116349899e-01 0.000000000000000000e+00
-5.449999999999988631e+00 7.370184254606364505e-01 9.080280156806289638e-01 9.093258625021699570e-01 0.000000000000000000e+00
-5.250000000000000000e+00 7.705192629815744709e-01 9.001048947316264703e-01 9.014202273535489862e-01 0.000000000000000000e+00
-5.050000000000011369e+00 1.105527638190954676e+00 8.914992197849355149e-01 8.928253210541040596e-01 0.000000000000000000e+00
-4.849999999999994316e+00 8.375209380234505119e-01 8.821521907840166321e-01 8.834810478986274696e-01 0.000000000000000000e+00
-4.650000000000005684e+00 8.710217755443885324e-01 8.719999422172043380e-01 8.733220725983646959e-01 0.000000000000000000e+00
-4.449999999999988631e+00 1.005025125628140614e+00 8.609731067433615825e-01 8.622773634557501232e-01 0.000000000000000000e+00
-4.250000000000000000e+00 6.030150753768843686e-01 8.489963412251644304e-01 8.502696957097952701e-01 0.000000000000000000e+00
-4.050000000000011369e+00 8.710217755443885324e-01 8.359878119315006240e-01 8.372151115794673748e-01 0.000000000000000000e+00
-3.849999999999994316e+00 7.035175879396984300e-01 8.218586353915554588e-01 8.230223332297125216e-01 0.000000000000000000e+00
-3.650000000000005684e+00 6.365159128978223890e-01 8.065122710800942674e-01 8.075921245555622852e-01 0.000000000000000000e+00
-3.449999999999988631e+00 6.365159128978223890e-01 7.898438617843129839e-01 7.908165973218828082e-01 0.000000000000000000e+00
-3.250000000000000000e+00 6.365159128978223890e-01 7.717395171452305913e-01 7.725784568073416070e-01 0.000000000000000000e+00
-3.050000000000011369e+00 7.035175879396984300e-01 7.520755354782051594e-01 7.527501816780576283e-01 0.000000000000000000e+00
-2.849999999999994316e+00 9.045226130653265528e-01 7.307175585555584219e-01 7.311931323566549512e-01 0.000000000000000000e+00
-2.650000000000005684e+00 7.370184254606364505e-01 7.075196535761654193e-01 7.077565816524060693e-01 0.000000000000000000e+00
-2.449999999999988631e+00 5.695142378559463481e-01 6.823233160493423766e-01 6.822766608745822747e-01 0.000000000000000000e+00
-2.250000000000000000e+00 6.030150753768843686e-01 6.549563867801106998e-01 6.545752140602993929e-01 0.000000000000000000e+00
-2.050000000000011369e+00 6.700167504187604095e-01 6.252318755558158303e-01 6.244585523055090626e-01 0.000000000000000000e+00
-1.849999999999994316e+00 6.030150753768843686e-01 5.929466834971565126e-01 5.917160994899557380e-01 0.000000000000000000e+00
-1.650000000000005684e+00 7.370184254606364505e-01 5.578802153859181434e-01 5.561189199783410642e-01 0.000000000000000000e+00
-1.449999999999988631e+00 7.705192629815744709e-01 5.197928755113840893e-01 5.174181215811963774e-01 0.000000000000000000e+00
-1.250000000000000000e+00 4.020100502512562457e-01 4.784245746503827945e-01 4.753432811142859205e-01 0.000000000000000000e+00
-1.050000000000011369e+00 4.020100502512562457e-01 4.334971951184650729e-01 4.296053056737489939e-01 0.000000000000000000e+00
-8.499999999999943157e-01 4.020100502512562457e-01 3.847912603253623720e-01 3.799801959478588120e-01 0.000000000000000000e+00
-6.500000000000056843e-01 2.345058626465661433e-01 3.330426682151552686e-01 3.272645576438086845e-01 0.000000000000000000e+00
-4.499999999999886313e-01 3.015075376884421843e-01 2.860506007729076705e-01 2.796315968509198724e-01 0.000000000000000000e+00
-2.500000000000000000e-01 5.025125628140703071e-01 2.812236651514867791e-01 2.755145017822976383e-01 0.000000000000000000e+00
-5.000000000001136868e-02 5.025125628140703071e-01 4.173868193543399663e-01 4.145698595198247238e-01 0.000000000000000000e+00
1.500000000000056843e-01 8.040201005025124914e-01 8.108760945288004951e-01 8.113989472081379883e-01 0.000000000000000000e+00
3.499999999999943157e-01 1.340033500837520819e+00 1.419850008591291290e+00 1.421003219886045610e+00 0.000000000000000000e+00
5.500000000000113687e-01 2.110552763819095290e+00 1.978147982444252939e+00 1.977845020714041002e+00 0.000000000000000000e+00
7.500000000000000000e-01 2.043551088777219249e+00 2.249962125941247670e+00 2.249232496538887460e+00 0.000000000000000000e+00
9.499999999999886313e-01 2.311557788944723413e+00 2.248321368507953721e+00 2.248422074467558929e+00 0.000000000000000000e+00
1.150000000000005684e+00 2.378559463986599454e+00 2.120785444699168742e+00 2.121476916420287129e+00 0.000000000000000000e+00
1.349999999999994316e+00 2.110552763819095290e+00 1.971903252779541038e+00 1.972594849873759326e+00 0.000000000000000000e+00
1.550000000000011369e+00 1.809045226130653106e+00 1.836408455499409564e+00 1.836878023120900538e+00 0.000000000000000000e+00
1.750000000000000000e+00 1.574539363484086962e+00 1.719032217806431007e+00 1.719280902053783588e+00 0.000000000000000000e+00
1.949999999999988631e+00 1.306532663316582799e+00 1.618068228520003426e+00 1.618142754202058331e+00 0.000000000000000000e+00
2.150000000000005684e+00 1.608040201005024983e+00 1.531278298171340646e+00 1.531222235506249918e+00 0.000000000000000000e+00
2.349999999999994316e+00 1.038525963149078635e+00 1.456675426780406735e+00 1.456523982486499280e+00 0.000000000000000000e+00
2.550000000000011369e+00 1.273031825795644778e+00 1.392548397176772035e+00 1.392329483379522115e+00 0.000000000000000000e+00
2.750000000000000000e+00 1.340033500837520819e+00 1.337426178589935066e+00 1.337161747063543515e+00 0.000000000000000000e+00
2.949999999999988631e+00 1.239530988274706758e+00 1.290044302349934169e+00 1.289751467831512510e+00 0.000000000000000000e+00
3.150000000000005684e+00 1.474036850921272901e+00 1.249315858292944004e+00 1.249007824409839262e+00 0.000000000000000000e+00
3.349999999999994316e+00 1.474036850921272901e+00 1.214306561765710724e+00 1.213993382264340504e+00 0.000000000000000000e+00
3.550000000000011369e+00 1.206030150753768737e+00 1.184213321728917911e+00 1.183902524996807593e+00 0.000000000000000000e+00
3.750000000000000000e+00 1.574539363484086962e+00 1.158345818358568202e+00 1.158042918628320317e+00 0.000000000000000000e+00
3.949999999999988631e+00 1.105527638190954676e+00 1.136110667547387765e+00 1.135819582297695307e+00 0.000000000000000000e+00
4.150000000000005684e+00 1.139028475711892696e+00 1.116997809050084278e+00 1.116721198871952758e+00 0.000000000000000000e+00
4.349999999999994316e+00 1.105527638190954676e+00 1.100568806025101321e+00 1.100308350501659760e+00 0.000000000000000000e+00
4.550000000000011369e+00 1.139028475711892696e+00 1.086446787571762052e+00 1.086203408443411345e+00 0.000000000000000000e+00
4.750000000000000000e+00 1.072026800670016655e+00 1.074307803551056484e+00 1.074081844533360419e+00 0.000000000000000000e+00
4.949999999999988631e+00 1.306532663316582799e+00 1.063873393375071474e+00 1.063664764405083618e+00 0.000000000000000000e+00
5.150000000000005684e+00 9.380234505862645733e-01 1.054904198297872187e+00 1.054712490655243862e+00 0.000000000000000000e+00
5.349999999999994316e+00 1.105527638190954676e+00 1.047194470677811573e+00 1.047019048317740841e+00 0.000000000000000000e+00
5.550000000000011369e+00 7.705192629815744709e-01 1.040567354257226018e+00 1.040407425767485350e+00 0.000000000000000000e+00
5.750000000000000000e+00 8.710217755443885324e-01 1.034870827192157394e+00 1.034725502016143661e+00 0.000000000000000000e+00
5.949999999999988631e+00 8.040201005025124914e-01 1.029974214767745533e+00 1.029842546694561545e+00 0.000000000000000000e+00
6.150000000000005684e+00 1.273031825795644778e+00 1.025765191803221121e+00 1.025646212193074502e+00 0.000000000000000000e+00
6.349999999999994316e+00 9.715242881072025938e-01 1.022147205983562124e+00 1.022039948754510430e+00 0.000000000000000000e+00
6.550000000000011369e+00 1.105527638190954676e+00 1.019037263010671435e+00 1.018940783046028420e+00 0.000000000000000000e+00
6.750000000000000000e+00 1.139028475711892696e+00 1.016364022766866215e+00 1.016277409098935047e+00 0.000000000000000000e+00
6.949999999999988631e+00 1.340033500837520819e+00 1.014066162817859329e+00 1.013988547692575182e+00 0.000000000000000000e+00
7.150000000000005684e+00 1.005025125628140614e+00 1.012090971715044585e+00 1.012021536434828173e+00 0.000000000000000000e+00
7.349999999999994316e+00 1.072026800670016655e+00 1.010393139828325904e+00 1.010331118099601300e+00 0.000000000000000000e+00
7.550000000000011369e+00 1.105527638190954676e+00 1.008933719971963017e+00 1.008878399343256405e+00 0.000000000000000000e+00
7.750000000000000000e+00 1.206030150753768737e+00 1.007679233980854461e+00 1.007629955841989444e+00 0.000000000000000000e+00
7.949999999999988631e+00 9.715242881072025938e-01 1.006600904742680269e+00 1.006557063261062535e+00 0.000000000000000000e+00
8.150000000000005684e+00 9.045226130653265528e-01 1.005673996069213594e+00 1.005635036361935963e+00 0.000000000000000000e+00
8.349999999999994316e+00 9.045226130653265528e-01 1.004877245263863461e+00 1.004842661041399632e+00 0.000000000000000000e+00
8.550000000000011369e+00 9.380234505862645733e-01 1.004192375368912593e+00 1.004161706234994567e+00 0.000000000000000000e+00
8.750000000000000000e+00 9.045226130653265528e-01 1.003603675903709469e+00 1.003576504454539720e+00 0.000000000000000000e+00
8.949999999999988631e+00 1.038525963149078635e+00 1.003097642476213691e+00 1.003073591308724311e+00 0.000000000000000000e+00
9.150000000000005684e+00 1.172529313232830717e+00 1.002662667000816077e+00 1.002641395712809746e+00 0.000000000000000000e+00
9.349999999999994316e+00 1.005025125628140614e+00 1.002288771416222746e+00 1.002269973659752678e+00 0.000000000000000000e+00
9.550000000000011369e+00 1.005025125628140614e+00 1.001967378795062480e+00 1.001950779427324134e+00 0.000000000000000000e+00
9.750000000000000000e+00 1.306532663316582799e+00 1.001691116594617847e+00 1.001676468957126698e+00 0.000000000000000000e+00
9.949999999999988631e+00 7.035175879396984300e-01 1.001453647535375246e+00 1.001440730881637986e+00 0.000000000000000000e+00
1.015000000000000568e+01 1.105527638190954676e+00 1.001249524227854737e+00 1.001238141311523444e+00 0.000000000000000000e+00
1.034999999999999432e+01 8.375209380234505119e-01 1.001074064212954529e+00 1.001064039042154796e+00 0.000000000000000000e+00
1.055000000000001137e+01 1.105527638190954676e+00 1.000923242549310421e+00 1.000914418308065823e+00 0.000000000000000000e+00
1.075000000000000000e+01 1.172529313232830717e+00 1.000793599483696061e+00 1.000785836617830160e+00 0.000000000000000000e+00
1.094999999999998863e+01 8.710217755443885324e-01 1.000682161086480670e+00 1.000675335548813383e+00 0.000000000000000000e+00
1.115000000000000568e+01 9.715242881072025938e-01 1.000586371031570110e+00 1.000580372679438446e+00 0.000000000000000000e+00
1.134999999999999432e+01 1.072026800670016655e+00 1.000504031955909978e+00 1.000498763092851462e+00 0.000000000000000000e+00
1.155000000000001137e+01 8.040201005025124914e-01 1.000433255053371662e+00 1.000428629106096867e+00 0.000000000000000000e+00
1.175000000000000000e+01 9.380234505862645733e-01 1.000372416746738269e+00 1.000368357068168512e+00 0.000000000000000000e+00
1.194999999999998863e+01 1.139028475711892696e+00 1.000320121443874166e+00 1.000316560232937135e+00 0.000000000000000000e+00
1.215000000000000568e+01 7.370184254606364505e-01 1.000275169523727303e+00 1.000272046852733077e+00 0.000000000000000000e+00
1.234999999999999432e+01 1.005025125628140614e+00 1.000236529817783993e+00 1.000233792758475238e+00 0.000000000000000000e+00
1.255000000000001137e+01 1.105527638190954676e+00 1.000203315955717542e+00 1.000200917795469380e+00 0.000000000000000000e+00
1.275000000000000000e+01 8.710217755443885324e-01 1.000174766032615237e+00 1.000172665572704345e+00 0.000000000000000000e+00
1.294999999999998863e+01 8.710217755443885324e-01 1.000150225131364090e+00 1.000148386059720007e+00 0.000000000000000000e+00
1.315000000000000568e+01 1.172529313232830717e+00 1.000129130299267199e+00 1.000127520630629263e+00 0.000000000000000000e+00
1.334999999999999432e+01 8.375209380234505119e-01 1.000110997634267029e+00 1.000109589211188421e+00 0.000000000000000000e+00
1.355000000000001137e+01 8.375209380234505119e-01 1.000095411184538152e+00 1.000094179233192548e+00 0.000000000000000000e+00
1.375000000000000000e+01 1.005025125628140614e+00 1.000082013406818016e+00 1.000080936142057952e+00 0.000000000000000000e+00
1.394999999999998863e+01 8.040201005025124914e-01 1.000070496964590161e+00 1.000069555239187613e+00 0.000000000000000000e+00
1.415000000000000568e+01 1.038525963149078635e+00 1.000060597677980390e+00 1.000059774671431478e+00 0.000000000000000000e+00
1.434999999999999432e+01 1.139028475711892696e+00 1.000052088463637689e+00 1.000051369406337543e+00 0.000000000000000000e+00
1.455000000000001137e+01 7.705192629815744709e-01 1.000044774125586233e+00 1.000044146054579475e+00 0.000000000000000000e+00
1.475000000000000000e+01 1.005025125628140614e+00 1.000038486877554256e+00 1.000037938420430983e+00 0.000000000000000000e+00
1.494999999999998863e+01 1.005025125628140614e+00 1.000033082494062864e+00 1.000032603677916798e+00 0.000000000000000000e+00
1.515000000000000568e+01 8.710217755443885324e-01 1.000028437001985182e+00 1.000028019084653996e+00 0.000000000000000000e+00
1.534999999999999432e+01 8.710217755443885324e-01 1.000024443836682098e+00 1.000024079157782575e+00 0.000000000000000000e+00
1.555000000000001137e+01 9.715242881072025938e-01 1.000021011397476123e+00 1.000020693247002157e+00 0.000000000000000000e+00
1.575000000000000000e+01 1.005025125628140614e+00 1.000018060946390897e+00 1.000017783448879705e+00 0.000000000000000000e+00
1.594999999999998863e+01 5.360134003350083276e-01 1.000015524801951106e+00 1.000015282814437967e+00 0.000000000000000000e+00
1.615000000000000568e+01 1.005025125628140614e+00 1.000013344786613301e+00 1.000013133808786314e+00 0.000000000000000000e+00
1.634999999999999432e+01 9.045226130653265528e-01 1.000011470892209431e+00 1.000011286987350090e+00 0.000000000000000000e+00
1.655000000000001137e+01 7.035175879396984300e-01 1.000009860132791584e+00 1.000009699858244838e+00 0.000000000000000000e+00
1.675000000000000000e+01 1.172529313232830717e+00 1.000008475558560761e+00 1.000008335904617462e+00 0.000000000000000000e+00
1.694999999999998863e+01 7.705192629815744709e-01 1.000007285408263336e+00 1.000007163744462968e+00 0.000000000000000000e+00
1.715000000000000568e+01 1.172529313232830717e+00 1.000006262380606969e+00 1.000006156408582481e+00 0.000000000000000000e+00
1.734999999999999432e+01 9.045226130653265528e-01 1.000005383007986470e+00 1.000005290720073825e+00 0.000000000000000000e+00
1.755000000000001137e+01 1.306532663316582799e+00 1.000004627118152190e+00 1.000004546761074309e+00 0.000000000000000000e+00
1.775000000000000000e+01 1.239530988274706758e+00 1.000003977371471287e+00 1.000003907414487747e+00 0.000000000000000000e+00
1.794999999999998863e+01 7.370184254606364505e-01 1.000003418863167015e+00 1.000003357970152607e+00 0.000000000000000000e+00
1.815000000000000568e+01 7.705192629815744709e-01 1.000002938781413553e+00 1.000002885786389184e+00 0.000000000000000000e+00
1.834999999999999432e+01 9.715242881072025938e-01 1.000002526113440426e+00 1.000002479999138050e+00 0.000000000000000000e+00
1.855000000000001137e+01 8.375209380234505119e-01 1.000002171392905925e+00 1.000002131271998440e+00 0.000000000000000000e+00
1.875000000000000000e+01 1.005025125628140614e+00 1.000001866482746360e+00 1.000001831581415423e+00 0.000000000000000000e+00
1.894999999999998863e+01 6.030150753768843686e-01 1.000001604388516263e+00 1.000001574032072682e+00 0.000000000000000000e+00
1.915000000000000568e+01 9.715242881072025938e-01 1.000001379097940291e+00 1.000001352698244972e+00 0.000000000000000000e+00
1.934999999999999432e+01 6.365159128978223890e-01 1.000001185442995766e+00 1.000001162487457185e+00 0.000000000000000000e+00
1.955000000000001137e+01 1.440536013400334880e+00 1.000001018981360845e+00 1.000000999023317405e+00 0.000000000000000000e+00
1.975000000000000000e+01 1.005025125628140614e+00 1.000000875894511809e+00 1.000000858544823457e+00 0.000000000000000000e+00
1.994999999999998863e+01 1.038525963149078635e+00 1.000000752900126688e+00 1.000000737819829677e+00 0.000000000000000000e+00
