-1.984999999999999432e+01 7.857443524624667663e-01 9.999999144898498171e-01 9.999999980233633678e-01 0.000000000000000000e+00
-1.965000000000000568e+01 7.576820541602358183e-01 9.999998989200098443e-01 9.999999975613946823e-01 0.000000000000000000e+00
-1.944999999999998863e+01 1.318928020204854779e+00 9.999998805151856240e-01 9.999999969914572517e-01 0.000000000000000000e+00
-1.925000000000000000e+01 1.038305037182545298e+00 9.999998587591784061e-01 9.999999962883171500e-01 0.000000000000000000e+00
-1.905000000000001137e+01 1.234741125298161935e+00 9.999998330417988468e-01 9.999999954208430575e-01 0.000000000000000000e+00
-1.884999999999999432e+01 8.418689490669286624e-01 9.999998026417530328e-01 9.999999943506275857e-01 0.000000000000000000e+00
-1.865000000000000568e+01 1.038305037182545298e+00 9.999997667064128848e-01 9.999999930302873041e-01 0.000000000000000000e+00
-1.844999999999998863e+01 8.138066507646977144e-01 9.999997242279022869e-01 9.999999914013644187e-01 0.000000000000000000e+00
-1.825000000000000000e+01 6.454328609513119153e-01 9.999996740148289209e-01 9.999999893917385085e-01 0.000000000000000000e+00
-1.805000000000001137e+01 8.699312473691596104e-01 9.999996146588699952e-01 9.999999869124338581e-01 0.000000000000000000e+00
-1.784999999999999432e+01 7.296197558580047593e-01 9.999995444952727297e-01 9.999999838536798302e-01 0.000000000000000000e+00
-1.765000000000000568e+01 9.260558439736215064e-01 9.999994615561630384e-01 9.999999800800505323e-01 0.000000000000000000e+00
-1.744999999999998863e+01 8.699312473691596104e-01 9.999993635153529015e-01 9.999999754244693895e-01 0.000000000000000000e+00
-1.725000000000000000e+01 9.260558439736215064e-01 9.999992476230979976e-01 9.999999696808113958e-01 0.000000000000000000e+00
-1.705000000000001137e+01 6.173705626490809673e-01 9.999991106289753962e-01 9.999999625947771920e-01 0.000000000000000000e+00
-1.684999999999999432e+01 7.857443524624667663e-01 9.999989486907198133e-01 9.999999538526339604e-01 0.000000000000000000e+00
-1.665000000000000568e+01 7.015574575557738113e-01 9.999987572664589264e-01 9.999999430673250922e-01 0.000000000000000000e+00
-1.644999999999998863e+01 8.418689490669286624e-01 9.999985309873286043e-01 9.999999297613331173e-01 0.000000000000000000e+00
-1.625000000000000000e+01 7.296197558580047593e-01 9.999982635068924708e-01 9.999999133455376166e-01 0.000000000000000000e+00
-1.605000000000001137e+01 9.260558439736215064e-01 9.999979473231435101e-01 9.999998930931327523e-01 0.000000000000000000e+00
-1.584999999999999432e+01 9.821804405780834024e-01 9.999975735680959321e-01 9.999998681074468987e-01 0.000000000000000000e+00
-1.565000000000000568e+01 1.206678826995930986e+00 9.999971317590654607e-01 9.999998372822439530e-01 0.000000000000000000e+00
-1.544999999999998863e+01 1.122491932089238142e+00 9.999966095046620707e-01 9.999997992527437374e-01 0.000000000000000000e+00
-1.525000000000000000e+01 9.260558439736215064e-01 9.999959921572495469e-01 9.999997523351977780e-01 0.000000000000000000e+00
-1.505000000000001137e+01 9.821804405780834024e-01 9.999952624021235525e-01 9.999996944523406039e-01 0.000000000000000000e+00
-1.484999999999999432e+01 1.038305037182545298e+00 9.999943997718883093e-01 9.999996230414199827e-01 0.000000000000000000e+00
-1.465000000000000568e+01 7.015574575557738113e-01 9.999933800724077892e-01 9.999995349407313494e-01 0.000000000000000000e+00
-1.444999999999998863e+01 8.138066507646977144e-01 9.999921747042348485e-01 9.999994262496335606e-01 0.000000000000000000e+00
-1.425000000000000000e+01 1.010242738880314350e+00 9.999907498604841960e-01 9.999992921558495951e-01 0.000000000000000000e+00
-1.405000000000001137e+01 5.893082643468500192e-01 9.999890655786529692e-01 9.999991267224028757e-01 0.000000000000000000e+00
-1.384999999999999432e+01 1.094429633787007194e+00 9.999870746197946358e-01 9.999989226247598673e-01 0.000000000000000000e+00
-1.365000000000000568e+01 1.066367335484776246e+00 9.999847211436114769e-01 9.999986708265367064e-01 0.000000000000000000e+00
-1.344999999999998863e+01 9.821804405780834024e-01 9.999819391423050430e-01 9.999983601794160126e-01 0.000000000000000000e+00
-1.325000000000000000e+01 9.260558439736215064e-01 9.999786505892599431e-01 9.999979769295567200e-01 0.000000000000000000e+00
-1.305000000000001137e+01 1.066367335484776246e+00 9.999747632506359452e-01 9.999975041086454075e-01 0.000000000000000000e+00
-1.284999999999999432e+01 8.138066507646977144e-01 9.999701680984914853e-01 9.999969207826280293e-01 0.000000000000000000e+00
-1.265000000000000568e+01 1.010242738880314350e+00 9.999647362528835126e-01 9.999962011248579863e-01 0.000000000000000000e+00
-1.244999999999998863e+01 1.094429633787007194e+00 9.999583153671803837e-01 9.999953132726270288e-01 0.000000000000000000e+00
-1.225000000000000000e+01 6.454328609513119153e-01 9.999507253552049058e-01 9.999942179164496014e-01 0.000000000000000000e+00
-1.205000000000001137e+01 1.066367335484776246e+00 9.999417533403690550e-01 9.999928665596432564e-01 0.000000000000000000e+00
-1.184999999999999432e+01 1.206678826995930986e+00 9.999311476851378000e-01 9.999911993711469993e-01 0.000000000000000000e+00
-1.165000000000000568e+01 7.857443524624667663e-01 9.999186109333663142e-01 9.999891425365133868e-01 0.000000000000000000e+00
-1.144999999999998863e+01 7.857443524624667663e-01 9.999037914675671379e-01 9.999866049897874198e-01 0.000000000000000000e+00
-1.125000000000000000e+01 7.576820541602358183e-01 9.998862736471160195e-01 9.999834743815793070e-01 0.000000000000000000e+00
-1.105000000000001137e+01 8.138066507646977144e-01 9.998655661508054626e-01 9.999796121048173392e-01 0.000000000000000000e+00
-1.084999999999999432e+01 1.122491932089238142e+00 9.998410881967904063e-01 9.999748471579460452e-01 0.000000000000000000e+00
-1.065000000000000568e+01 1.150554230391469090e+00 9.998121532534355316e-01 9.999689685738657463e-01 0.000000000000000000e+00
-1.044999999999998863e+01 1.094429633787007194e+00 9.997779497842064211e-01 9.999617160794054271e-01 0.000000000000000000e+00
-1.025000000000000000e+01 8.138066507646977144e-01 9.997375184865547881e-01 9.999527685717777281e-01 0.000000000000000000e+00
-1.005000000000001137e+01 1.010242738880314350e+00 9.996897253864209798e-01 9.999417299018159566e-01 0.000000000000000000e+00
-9.849999999999994316e+00 8.418689490669286624e-01 9.996332300337346100e-01 9.999281113345461769e-01 0.000000000000000000e+00
-9.650000000000005684e+00 1.066367335484776246e+00 9.995664479068957498e-01 9.999113099105410019e-01 0.000000000000000000e+00
-9.449999999999988631e+00 1.234741125298161935e+00 9.994875059717972521e-01 9.998905817500075566e-01 0.000000000000000000e+00
-9.250000000000000000e+00 8.418689490669286624e-01 9.993941901489556967e-01 9.998650091176540800e-01 0.000000000000000000e+00
-9.050000000000011369e+00 7.296197558580047593e-01 9.992838832153627671e-01 9.998334597901376020e-01 0.000000000000000000e+00
-8.849999999999994316e+00 8.699312473691596104e-01 9.991534913993966871e-01 9.997945369270944127e-01 0.000000000000000000e+00
-8.650000000000005684e+00 9.541181422758524544e-01 9.989993576100044681e-01 9.997465172263041433e-01 0.000000000000000000e+00
-8.449999999999988631e+00 1.038305037182545298e+00 9.988171588664989109e-01 9.996872746248175456e-01 0.000000000000000000e+00
-8.250000000000000000e+00 1.010242738880314350e+00 9.986017850521921035e-01 9.996141861679312957e-01 0.000000000000000000e+00
-8.050000000000011369e+00 7.296197558580047593e-01 9.983471955912734952e-01 9.995240158783766926e-01 0.000000000000000000e+00
-7.849999999999994316e+00 8.979935456713905584e-01 9.980462500291614747e-01 9.994127714840531640e-01 0.000000000000000000e+00
-7.650000000000005684e+00 1.150554230391469090e+00 9.976905077646226472e-01 9.992755276609539550e-01 0.000000000000000000e+00
-7.449999999999988631e+00 1.178616528693700038e+00 9.972699913167601959e-01 9.991062079654008388e-01 0.000000000000000000e+00
-7.250000000000000000e+00 9.260558439736215064e-01 9.967729064872362654e-01 9.988973158006765329e-01 0.000000000000000000e+00
-7.050000000000011369e+00 8.979935456713905584e-01 9.961853115691328142e-01 9.986396025066582860e-01 0.000000000000000000e+00
-6.849999999999994316e+00 8.699312473691596104e-01 9.954907263247757543e-01 9.983216578771818561e-01 0.000000000000000000e+00
-6.650000000000005684e+00 1.038305037182545298e+00 9.946696697655470487e-01 9.979294049753749674e-01 0.000000000000000000e+00
-6.449999999999988631e+00 1.262803423600392883e+00 9.936991137698220067e-01 9.974454768800040672e-01 0.000000000000000000e+00
-6.250000000000000000e+00 8.138066507646977144e-01 9.925518372146936441e-01 9.968484477684016465e-01 0.000000000000000000e+00
-6.050000000000011369e+00 1.010242738880314350e+00 9.911956625068510940e-01 9.961118842923182282e-01 0.000000000000000000e+00
-5.849999999999994316e+00 9.821804405780834024e-01 9.895925530996457775e-01 9.952031752465496650e-01 0.000000000000000000e+00
-5.650000000000005684e+00 8.699312473691596104e-01 9.876975466844638563e-01 9.940820877141458567e-01 0.000000000000000000e+00
-5.449999999999988631e+00 9.541181422758524544e-01 9.854574941356847306e-01 9.926989857618053748e-01 0.000000000000000000e+00
-5.250000000000000000e+00 1.122491932089238142e+00 9.828095688405039665e-01 9.909926328185472144e-01 0.000000000000000000e+00
-5.050000000000011369e+00 1.038305037182545298e+00 9.796795046048766276e-01 9.888874804383925854e-01 0.000000000000000000e+00
-4.849999999999994316e+00 8.979935456713905584e-01 9.759795127142496529e-01 9.862903234075559578e-01 0.000000000000000000e+00
-4.650000000000005684e+00 1.403114915111547623e+00 9.716058197290138310e-01 9.830861731016637961e-01 0.000000000000000000e+00
-4.449999999999988631e+00 1.150554230391469090e+00 9.664357569573719386e-01 9.791331663866851276e-01 0.000000000000000000e+00
-4.250000000000000000e+00 7.857443524624667663e-01 9.603243199742687031e-01 9.742562846561596546e-01 0.000000000000000000e+00
-4.050000000000011369e+00 8.138066507646977144e-01 9.531001016914052437e-01 9.682396049163014551e-01 0.000000000000000000e+00
-3.849999999999994316e+00 9.260558439736215064e-01 9.445604849134269232e-01 9.608167398372821078e-01 0.000000000000000000e+00
-3.650000000000005684e+00 1.290865721902623831e+00 9.344659595462055934e-01 9.516590435058152053e-01 0.000000000000000000e+00
-3.449999999999988631e+00 1.122491932089238142e+00 9.225334050723001944e-01 9.403610606910088876e-01 0.000000000000000000e+00
-3.250000000000000000e+00 1.066367335484776246e+00 9.084281498876400907e-01 9.264225753925807716e-01 0.000000000000000000e+00
-3.050000000000011369e+00 9.541181422758524544e-01 8.917545847881054311e-01 9.092264638743459138e-01 0.000000000000000000e+00
-2.849999999999994316e+00 9.541181422758524544e-01 8.720450673430893973e-01 8.880113716305222393e-01 0.000000000000000000e+00
-2.650000000000005684e+00 6.173705626490809673e-01 8.487468059577224500e-01 8.618380045799555189e-01 0.000000000000000000e+00
-2.449999999999988631e+00 8.979935456713905584e-01 8.212063557650879364e-01 8.295475432156013129e-01 0.000000000000000000e+00
-2.250000000000000000e+00 7.296197558580047593e-01 7.886512917994721317e-01 7.897103904669463548e-01 0.000000000000000000e+00
-2.050000000000011369e+00 7.857443524624667663e-01 7.501685623682351478e-01 7.405644431336426692e-01 0.000000000000000000e+00
-1.849999999999994316e+00 3.928721762312333832e-01 7.046795332515946031e-01 6.799658909049782762e-01 0.000000000000000000e+00
-1.650000000000005684e+00 4.770590711379262272e-01 6.509251162801499291e-01 6.056283318106626679e-01 0.000000000000000000e+00
-1.449999999999988631e+00 7.015574575557738113e-01 5.876569768198691701e-01 5.173996497335030531e-01 0.000000000000000000e+00
-1.250000000000000000e+00 4.209344745334643312e-01 5.156345453505053467e-01 4.270703583787358593e-01 0.000000000000000000e+00
-1.050000000000011369e+00 3.367475796267714316e-01 4.481607677121464128e-01 3.786428490724544904e-01 0.000000000000000000e+00
-8.499999999999943157e-01 4.770590711379262272e-01 4.383964503190420636e-01 4.522937249736562748e-01 0.000000000000000000e+00
-6.500000000000056843e-01 9.260558439736215064e-01 5.915145720181178568e-01 7.046127560675783386e-01 0.000000000000000000e+00
-4.499999999999886313e-01 9.260558439736215064e-01 9.736460007268405992e-01 1.086410909512858902e+00 0.000000000000000000e+00
-2.500000000000000000e-01 1.431177213413778571e+00 1.468175400987915546e+00 1.464722379432581878e+00 0.000000000000000000e+00
-5.000000000001136868e-02 1.795987091342781117e+00 1.840463403889626370e+00 1.735220663694699184e+00 0.000000000000000000e+00
1.500000000000056843e-01 1.487301810018240467e+00 1.980669003363507930e+00 1.877398266886332046e+00 0.000000000000000000e+00
3.499999999999943157e-01 2.301108460782938181e+00 1.958536033784778363e+00 1.921243496146970653e+00 0.000000000000000000e+00
5.500000000000113687e-01 1.824049389645012065e+00 1.877990054290744837e+00 1.903569563657194097e+00 0.000000000000000000e+00
7.500000000000000000e-01 2.076610074365090597e+00 1.790764422633197128e+00 1.851631546486027124e+00 0.000000000000000000e+00
9.499999999999886313e-01 2.160796969271783663e+00 1.710170957561917060e+00 1.782856977416529043e+00 0.000000000000000000e+00
1.150000000000005684e+00 1.290865721902623831e+00 1.637593798236777864e+00 1.707848303350129937e+00 0.000000000000000000e+00
1.349999999999994316e+00 1.627613301529395429e+00 1.572421489939225037e+00 1.632840376373106084e+00 0.000000000000000000e+00
1.550000000000011369e+00 1.431177213413778571e+00 1.513910345299243065e+00 1.561327117174434731e+00 0.000000000000000000e+00
1.750000000000000000e+00 1.431177213413778571e+00 1.461380015295414170e+00 1.495103623759124645e+00 0.000000000000000000e+00
1.949999999999988631e+00 1.375052616809316675e+00 1.414219173351638714e+00 1.434929394096101873e+00 0.000000000000000000e+00
2.150000000000005684e+00 1.290865721902623831e+00 1.371878967191994425e+00 1.380948223804825847e+00 0.000000000000000000e+00
2.349999999999994316e+00 1.094429633787007194e+00 1.333866646299300518e+00 1.332952187564856894e+00 0.000000000000000000e+00
2.550000000000011369e+00 1.655675599831626377e+00 1.299739827591787744e+00 1.290545951798792057e+00 0.000000000000000000e+00
2.750000000000000000e+00 1.206678826995930986e+00 1.269101347021690529e+00 1.253247581292054491e+00 0.000000000000000000e+00
2.949999999999988631e+00 9.821804405780834024e-01 1.241594637425061043e+00 1.220549062721532074e+00 0.000000000000000000e+00
3.150000000000005684e+00 1.515364108320471637e+00 1.216899578833550377e+00 1.191951435182941665e+00 0.000000000000000000e+00
3.349999999999994316e+00 1.094429633787007194e+00 1.194728772954511742e+00 1.166984054638168233e+00 0.000000000000000000e+00
3.550000000000011369e+00 1.206678826995930986e+00 1.174824198462223190e+00 1.145214070023174324e+00 0.000000000000000000e+00
3.750000000000000000e+00 1.094429633787007194e+00 1.156954208174971743e+00 1.126249972801568688e+00 0.000000000000000000e+00
3.949999999999988631e+00 1.094429633787007194e+00 1.140910833171390193e+00 1.109741660088116255e+00 0.000000000000000000e+00
4.150000000000005684e+00 1.010242738880314350e+00 1.126507362471733664e+00 1.095378541134765848e+00 0.000000000000000000e+00
4.349999999999994316e+00 1.094429633787007194e+00 1.113576170116665098e+00 1.082886635581829182e+00 0.000000000000000000e+00
4.550000000000011369e+00 1.487301810018240467e+00 1.101966764355329031e+00 1.072025241901084058e+00 0.000000000000000000e+00
4.750000000000000000e+00 1.038305037182545298e+00 1.091544036239427307e+00 1.062583520187543096e+00 0.000000000000000000e+00
4.949999999999988631e+00 1.655675599831626377e+00 1.082186687240582312e+00 1.054377186145599277e+00 0.000000000000000000e+00
5.150000000000005684e+00 8.418689490669286624e-01 1.073785817591818459e+00 1.047245421396389764e+00 0.000000000000000000e+00
5.349999999999994316e+00 7.296197558580047593e-01 1.066243658924420856e+00 1.041048048939111181e+00 0.000000000000000000e+00
5.550000000000011369e+00 1.178616528693700038e+00 1.059472436450734634e+00 1.035662988778541127e+00 0.000000000000000000e+00
5.750000000000000000e+00 9.541181422758524544e-01 1.053393347451144768e+00 1.030983989079666152e+00 0.000000000000000000e+00
5.949999999999988631e+00 8.979935456713905584e-01 1.047935644176949843e+00 1.026918617414302792e+00 0.000000000000000000e+00
6.150000000000005684e+00 1.038305037182545298e+00 1.043035810496085292e+00 1.023386491333922343e+00 0.000000000000000000e+00
6.349999999999994316e+00 8.699312473691596104e-01 1.038636822699580575e+00 1.020317725483069982e+00 0.000000000000000000e+00
6.550000000000011369e+00 8.138066507646977144e-01 1.034687485866092604e+00 1.017651572397396453e+00 0.000000000000000000e+00
6.750000000000000000e+00 1.290865721902623831e+00 1.031141838061219840e+00 1.015335235155650828e+00 0.000000000000000000e+00
6.949999999999988631e+00 1.234741125298161935e+00 1.027958615437714274e+00 1.013322831646504385e+00 0.000000000000000000e+00
7.150000000000005684e+00 8.699312473691596104e-01 1.025100772011508177e+00 1.011574492045784313e+00 0.000000000000000000e+00
7.349999999999994316e+00 1.150554230391469090e+00 1.022535048524750190e+00 1.010055572985180783e+00 0.000000000000000000e+00
7.550000000000011369e+00 8.699312473691596104e-01 1.020231585378330585e+00 1.008735973719585344e+00 0.000000000000000000e+00
7.750000000000000000e+00 1.010242738880314350e+00 1.018163575129254150e+00 1.007589541308005820e+00 0.000000000000000000e+00
7.949999999999988631e+00 8.418689490669286624e-01 1.016306950508654605e+00 1.006593553384878659e+00 0.000000000000000000e+00
8.150000000000005684e+00 1.038305037182545298e+00 1.014640104329649573e+00 1.005728268506005607e+00 0.000000000000000000e+00
8.349999999999994316e+00 7.015574575557738113e-01 1.013143638025348237e+00 1.004976535308582442e+00 0.000000000000000000e+00
8.550000000000011369e+00 1.150554230391469090e+00 1.011800135890528418e+00 1.004323452836300978e+00 0.000000000000000000e+00
8.750000000000000000e+00 7.296197558580047593e-01 1.010593962399634060e+00 1.003756075359710120e+00 0.000000000000000000e+00
8.949999999999988631e+00 1.459239511716009519e+00 1.009511080242299963e+00 1.003263155881432001e+00 0.000000000000000000e+00
9.150000000000005684e+00 1.066367335484776246e+00 1.008538886958725955e+00 1.002834923268119738e+00 0.000000000000000000e+00
9.349999999999994316e+00 9.541181422758524544e-01 1.007666068273677995e+00 1.002462888608217861e+00 0.000000000000000000e+00
9.550000000000011369e+00 6.734951592535428633e-01 1.006882466422234890e+00 1.002139676967885418e+00 0.000000000000000000e+00
9.750000000000000000e+00 1.487301810018240467e+00 1.006178961934872662e+00 1.001858881216997954e+00 0.000000000000000000e+00
9.949999999999988631e+00 5.893082643468500192e-01 1.005547367506111067e+00 1.001614935032128617e+00 0.000000000000000000e+00
1.015000000000000568e+01 1.038305037182545298e+00 1.004980332711580271e+00 1.001403002561937816e+00 0.000000000000000000e+00
1.034999999999999432e+01 8.979935456713905584e-01 1.004471258464616268e+00 1.001218882569656410e+00 0.000000000000000000e+00
1.055000000000001137e+01 7.576820541602358183e-01 1.004014220216837616e+00 1.001058925153651691e+00 0.000000000000000000e+00
1.075000000000000000e+01 1.290865721902623831e+00 1.003603899008922662e+00 1.000919959395980996e+00 0.000000000000000000e+00
1.094999999999998863e+01 8.418689490669286624e-01 1.003235519569164458e+00 1.000799230505179160e+00 0.000000000000000000e+00
1.115000000000000568e+01 8.979935456713905584e-01 1.002904794739399641e+00 1.000694345207555624e+00 0.000000000000000000e+00
1.134999999999999432e+01 1.150554230391469090e+00 1.002607875581547736e+00 1.000603224304676075e+00 0.000000000000000000e+00
1.155000000000001137e+01 9.821804405780834024e-01 1.002341306584106029e+00 1.000524061456687264e+00 0.000000000000000000e+00
1.175000000000000000e+01 9.541181422758524544e-01 1.002101985447298560e+00 1.000455287374509838e+00 0.000000000000000000e+00
1.194999999999998863e+01 1.318928020204854779e+00 1.001887126978862508e+00 1.000395538711119192e+00 0.000000000000000000e+00
1.215000000000000568e+01 1.038305037182545298e+00 1.001694230680296727e+00 1.000343631035266689e+00 0.000000000000000000e+00
1.234999999999999432e+01 1.038305037182545298e+00 1.001521051646343752e+00 1.000298535351904938e+00 0.000000000000000000e+00
1.255000000000001137e+01 9.541181422758524544e-01 1.001365574439036843e+00 1.000259357703886076e+00 0.000000000000000000e+00
1.275000000000000000e+01 8.138066507646977144e-01 1.001225989632261060e+00 1.000225321450574967e+00 0.000000000000000000e+00
1.294999999999998863e+01 7.857443524624667663e-01 1.001100672753856946e+00 1.000195751872082317e+00 0.000000000000000000e+00
1.315000000000000568e+01 8.138066507646977144e-01 1.000988165380198858e+00 1.000170062793923398e+00 0.000000000000000000e+00
1.334999999999999432e+01 1.066367335484776246e+00 1.000887158163225044e+00 1.000147744966956687e+00 0.000000000000000000e+00
1.355000000000001137e+01 9.541181422758524544e-01 1.000796475592393708e+00 1.000128355972254912e+00 0.000000000000000000e+00
1.375000000000000000e+01 6.734951592535428633e-01 1.000715062314224468e+00 1.000111511450788582e+00 0.000000000000000000e+00
1.394999999999998863e+01 8.138066507646977144e-01 1.000641970850214557e+00 1.000096877484060620e+00 0.000000000000000000e+00
1.415000000000000568e+01 1.094429633787007194e+00 1.000576350570190565e+00 1.000084163974650941e+00 0.000000000000000000e+00
1.434999999999999432e+01 1.122491932089238142e+00 1.000517437792772135e+00 1.000073118895453250e+00 0.000000000000000000e+00
1.455000000000001137e+01 1.010242738880314350e+00 1.000464546897733564e+00 1.000063523293598156e+00 0.000000000000000000e+00
1.475000000000000000e+01 1.066367335484776246e+00 1.000417062346833363e+00 1.000055186950028263e+00 0.000000000000000000e+00
1.494999999999998863e+01 9.260558439736215064e-01 1.000374431520250740e+00 1.000047944608675854e+00 0.000000000000000000e+00
1.515000000000000568e+01 1.038305037182545298e+00 1.000336158285258126e+00 1.000041652700500272e+00 0.000000000000000000e+00
1.534999999999999432e+01 7.576820541602358183e-01 1.000301797222285183e+00 1.000036186497436752e+00 0.000000000000000000e+00
1.555000000000001137e+01 8.699312473691596104e-01 1.000270948441176033e+00 1.000031437639841148e+00 0.000000000000000000e+00
1.575000000000000000e+01 1.038305037182545298e+00 1.000243252927312643e+00 1.000027311988414880e+00 0.000000000000000000e+00
1.594999999999998863e+01 8.699312473691596104e-01 1.000218388363444122e+00 1.000023727758029946e+00 0.000000000000000000e+00
1.615000000000000568e+01 1.010242738880314350e+00 1.000196065378594623e+00 1.000020613896453359e+00 0.000000000000000000e+00
1.634999999999999432e+01 5.893082643468500192e-01 1.000176024180396972e+00 1.000017908675840950e+00 0.000000000000000000e+00
1.655000000000001137e+01 1.094429633787007194e+00 1.000158031531657832e+00 1.000015558469069532e+00 0.000000000000000000e+00
1.675000000000000000e+01 7.296197558580047593e-01 1.000141878035970988e+00 1.000013516686657278e+00 0.000000000000000000e+00
1.694999999999998863e+01 1.066367335484776246e+00 1.000127375700784693e+00 1.000011742853193164e+00 0.000000000000000000e+00
1.715000000000000568e+01 9.821804405780834024e-01 1.000114355749565975e+00 1.000010201804969689e+00 0.000000000000000000e+00
1.734999999999999432e+01 8.138066507646977144e-01 1.000102666657598061e+00 1.000008862992914027e+00 0.000000000000000000e+00
1.755000000000001137e+01 8.418689490669286624e-01 1.000092172388553857e+00 1.000007699876994893e+00 0.000000000000000000e+00
1.775000000000000000e+01 7.857443524624667663e-01 1.000082750811319698e+00 1.000006689400105842e+00 0.000000000000000000e+00
1.794999999999998863e+01 1.010242738880314350e+00 1.000074292278647636e+00 1.000005811530989996e+00 0.000000000000000000e+00
1.815000000000000568e+01 8.138066507646977144e-01 1.000066698351093519e+00 1.000005048867150137e+00 0.000000000000000000e+00
1.834999999999999432e+01 1.150554230391469090e+00 1.000059880651388733e+00 1.000004386289867986e+00 0.000000000000000000e+00
1.855000000000001137e+01 7.576820541602358183e-01 1.000053759835917377e+00 1.000003810664498616e+00 0.000000000000000000e+00
1.875000000000000000e+01 6.734951592535428633e-01 1.000048264671322684e+00 1.000003310580093174e+00 0.000000000000000000e+00
1.894999999999998863e+01 8.699312473691596104e-01 1.000043331205501929e+00 1.000002876123195383e+00 0.000000000000000000e+00
1.915000000000000568e+01 1.206678826995930986e+00 1.000038902023339116e+00 1.000002498681319185e+00 0.000000000000000000e+00
1.934999999999999432e+01 1.038305037182545298e+00 1.000034925578514367e+00 1.000002170772220422e+00 0.000000000000000000e+00
1.955000000000001137e+01 1.094429633787007194e+00 1.000031355593613558e+00 1.000001885895570819e+00 0.000000000000000000e+00
1.975000000000000000e+01 9.821804405780834024e-01 1.000028150521556691e+00 1.000001638404099058e+00 0.000000000000000000e+00
1.994999999999998863e+01 9.541181422758524544e-01 1.000025273062079112e+00 1.000001423391641220e+00 0.000000000000000000e+00
