-1.994999999999998863e+01 8.539709649871904951e-01 9.999996567592738250e-01 9.999999957007531526e-01 0.000000000000000000e+00
-1.975000000000000000e+01 8.539709649871904951e-01 9.999996006805451643e-01 9.999999947487137053e-01 0.000000000000000000e+00
-1.954999999999998295e+01 1.093082835183603718e+00 9.999995354396642444e-01 9.999999935858515654e-01 0.000000000000000000e+00
-1.934999999999999432e+01 1.434671221178480005e+00 9.999994595397170283e-01 9.999999921654812995e-01 0.000000000000000000e+00
-1.915000000000000568e+01 9.222886421861656858e-01 9.999993712392234446e-01 9.999999904305796328e-01 0.000000000000000000e+00
-1.894999999999998863e+01 9.906063193851409876e-01 9.999992685121801284e-01 9.999999883114956134e-01 0.000000000000000000e+00
-1.875000000000000000e+01 1.024765157984628638e+00 9.999991490015749385e-01 9.999999857231546274e-01 0.000000000000000000e+00
-1.854999999999998295e+01 8.539709649871904951e-01 9.999990099653064402e-01 9.999999825616429083e-01 0.000000000000000000e+00
-1.834999999999999432e+01 8.881298035866781460e-01 9.999988482132686762e-01 9.999999787000355411e-01 0.000000000000000000e+00
-1.815000000000000568e+01 6.148590947907771609e-01 9.999986600341553844e-01 9.999999739833010937e-01 0.000000000000000000e+00
-1.794999999999998863e+01 6.831767719897523516e-01 9.999984411103062243e-01 9.999999682220773733e-01 0.000000000000000000e+00
-1.775000000000000000e+01 9.564474807856533367e-01 9.999981864186410219e-01 9.999999611850693970e-01 0.000000000000000000e+00
-1.754999999999998295e+01 8.881298035866781460e-01 9.999978901154080724e-01 9.999999525897630415e-01 0.000000000000000000e+00
-1.734999999999999432e+01 1.195559350982066560e+00 9.999975454021021726e-01 9.999999420910836712e-01 0.000000000000000000e+00
-1.715000000000000568e+01 8.881298035866781460e-01 9.999971443694772866e-01 9.999999292675422202e-01 0.000000000000000000e+00
-1.694999999999998863e+01 1.093082835183603718e+00 9.999966778160735981e-01 9.999999136043132841e-01 0.000000000000000000e+00
-1.675000000000000000e+01 1.263877028181041862e+00 9.999961350370948354e-01 9.999998944725673189e-01 0.000000000000000000e+00
-1.654999999999998295e+01 9.564474807856533367e-01 9.999955035787935209e-01 9.999998711042243915e-01 0.000000000000000000e+00
-1.634999999999999432e+01 6.831767719897523516e-01 9.999947689527268757e-01 9.999998425611184016e-01 0.000000000000000000e+00
-1.615000000000000568e+01 1.161400512382579020e+00 9.999939143033276245e-01 9.999998076973329875e-01 0.000000000000000000e+00
-1.594999999999998863e+01 1.332194705380017163e+00 9.999929200211632452e-01 9.999997651131957710e-01 0.000000000000000000e+00
-1.575000000000000000e+01 1.332194705380017163e+00 9.999917632930085398e-01 9.999997130990866401e-01 0.000000000000000000e+00
-1.554999999999998295e+01 1.024765157984628638e+00 9.999904175784098959e-01 9.999996495668016516e-01 0.000000000000000000e+00
-1.534999999999999432e+01 7.856532877882151933e-01 9.999888520007297332e-01 9.999995719657177595e-01 0.000000000000000000e+00
-1.515000000000000568e+01 1.093082835183603718e+00 9.999870306386999808e-01 9.999994771803937255e-01 0.000000000000000000e+00
-1.494999999999998863e+01 6.831767719897523516e-01 9.999849117022300282e-01 9.999993614054948354e-01 0.000000000000000000e+00
-1.475000000000000000e+01 8.198121263877028442e-01 9.999824465735567269e-01 9.999992199930202164e-01 0.000000000000000000e+00
-1.454999999999998295e+01 5.123825789923143192e-01 9.999795786917387019e-01 9.999990472657005469e-01 0.000000000000000000e+00
-1.434999999999999432e+01 9.906063193851409876e-01 9.999762422548982288e-01 9.999988362890731564e-01 0.000000000000000000e+00
-1.415000000000000568e+01 1.127241673783091480e+00 9.999723607104353817e-01 9.999985785930851634e-01 0.000000000000000000e+00
-1.394999999999998863e+01 1.093082835183603718e+00 9.999678449985734963e-01 9.999982638320471517e-01 0.000000000000000000e+00
-1.375000000000000000e+01 8.198121263877028442e-01 9.999625915089344064e-01 9.999978793692863022e-01 0.000000000000000000e+00
-1.354999999999998295e+01 7.856532877882151933e-01 9.999564797032585162e-01 9.999974097698227649e-01 0.000000000000000000e+00
-1.334999999999999432e+01 9.222886421861656858e-01 9.999493693497247815e-01 9.999968361807044515e-01 0.000000000000000000e+00
-1.315000000000000568e+01 9.222886421861656858e-01 9.999410973054131402e-01 9.999961355741188163e-01 0.000000000000000000e+00
-1.294999999999998863e+01 1.093082835183603718e+00 9.999314737730854441e-01 9.999952798228988193e-01 0.000000000000000000e+00
-1.275000000000000000e+01 1.195559350982066560e+00 9.999202779463981505e-01 9.999942345713045411e-01 0.000000000000000000e+00
-1.254999999999998295e+01 1.161400512382579020e+00 9.999072529436295875e-01 9.999929578557479326e-01 0.000000000000000000e+00
-1.234999999999999432e+01 1.058923996584116178e+00 9.998920999136783339e-01 9.999913984200852202e-01 0.000000000000000000e+00
-1.215000000000000568e+01 5.807002561912895100e-01 9.998744711790990003e-01 9.999894936578431759e-01 0.000000000000000000e+00
-1.194999999999998863e+01 8.539709649871904951e-01 9.998539622588453746e-01 9.999871670987643402e-01 0.000000000000000000e+00
-1.175000000000000000e+01 1.093082835183603718e+00 9.998301025876890069e-01 9.999843253387652453e-01 0.000000000000000000e+00
-1.154999999999998295e+01 8.539709649871904951e-01 9.998023447193734592e-01 9.999808542900540109e-01 0.000000000000000000e+00
-1.134999999999999432e+01 1.024765157984628638e+00 9.997700517657794883e-01 9.999766146008615131e-01 0.000000000000000000e+00
-1.115000000000000568e+01 7.856532877882151933e-01 9.997324827838977024e-01 9.999714360609028851e-01 0.000000000000000000e+00
-1.094999999999998863e+01 9.222886421861656858e-01 9.996887757753228909e-01 9.999651107679663475e-01 0.000000000000000000e+00
-1.075000000000000000e+01 7.514944491887276534e-01 9.996379279082031610e-01 9.999573847812879279e-01 0.000000000000000000e+00
-1.054999999999998295e+01 8.539709649871904951e-01 9.995787725078464359e-01 9.999479479266233373e-01 0.000000000000000000e+00
-1.034999999999999432e+01 1.127241673783091480e+00 9.995099522880500631e-01 9.999364213437195170e-01 0.000000000000000000e+00
-1.015000000000000568e+01 9.222886421861656858e-01 9.994298882089590608e-01 9.999223422762588687e-01 0.000000000000000000e+00
-9.949999999999988631e+00 7.173356105892400025e-01 9.993367432469164591e-01 9.999051454936380701e-01 0.000000000000000000e+00
-9.750000000000000000e+00 8.198121263877028442e-01 9.992283802450258046e-01 9.998841405987231035e-01 0.000000000000000000e+00
-9.549999999999982947e+00 1.400512382578992465e+00 9.991023128773309780e-01 9.998584843105605691e-01 0.000000000000000000e+00
-9.349999999999994316e+00 1.024765157984628638e+00 9.989556486015150893e-01 9.998271466092798487e-01 0.000000000000000000e+00
-9.150000000000005684e+00 1.298035866780529624e+00 9.987850222912024734e-01 9.997888693840111252e-01 0.000000000000000000e+00
-8.949999999999988631e+00 9.222886421861656858e-01 9.985865190250942103e-01 9.997421159236613564e-01 0.000000000000000000e+00
-8.750000000000000000e+00 8.881298035866781460e-01 9.983555842613786035e-01 9.996850092227623774e-01 0.000000000000000000e+00
-8.549999999999982947e+00 8.198121263877028442e-01 9.980869193364233505e-01 9.996152566255602778e-01 0.000000000000000000e+00
-8.349999999999994316e+00 9.564474807856533367e-01 9.977743598900244981e-01 9.995300577830456001e-01 0.000000000000000000e+00
-8.150000000000005684e+00 7.514944491887276534e-01 9.974107344277522991e-01 9.994259922276825803e-01 0.000000000000000000e+00
-7.949999999999988631e+00 1.195559350982066560e+00 9.969876997751891956e-01 9.992988820523167615e-01 0.000000000000000000e+00
-7.750000000000000000e+00 8.881298035866781460e-01 9.964955496486526121e-01 9.991436241802458262e-01 0.000000000000000000e+00
-7.549999999999982947e+00 1.229718189581554322e+00 9.959229919501696449e-01 9.989539854926221540e-01 0.000000000000000000e+00
-7.349999999999994316e+00 8.881298035866781460e-01 9.952568896768676510e-01 9.987223525881908648e-01 0.000000000000000000e+00
-7.150000000000005684e+00 1.263877028181041862e+00 9.944819595000944368e-01 9.984394261289982753e-01 0.000000000000000000e+00
-6.949999999999988631e+00 9.564474807856533367e-01 9.935804210983457674e-01 9.980938475010058264e-01 0.000000000000000000e+00
-6.750000000000000000e+00 1.093082835183603718e+00 9.925315891981458805e-01 9.976717428011984135e-01 0.000000000000000000e+00
-6.549999999999982947e+00 7.514944491887276534e-01 9.913113989624958711e-01 9.971561658436918218e-01 0.000000000000000000e+00
-6.349999999999994316e+00 1.366353543979504703e+00 9.898918538372079023e-01 9.965264178232767778e-01 0.000000000000000000e+00
-6.150000000000005684e+00 8.539709649871904951e-01 9.882403831862767163e-01 9.957572163230107298e-01 0.000000000000000000e+00
-5.949999999999988631e+00 1.195559350982066560e+00 9.863190949776087235e-01 9.948176803041093308e-01 0.000000000000000000e+00
-5.750000000000000000e+00 9.564474807856533367e-01 9.840839063724197144e-01 9.936700903286510567e-01 0.000000000000000000e+00
-5.549999999999982947e+00 9.906063193851409876e-01 9.814835322701752629e-01 9.922683742419038389e-01 0.000000000000000000e+00
-5.349999999999994316e+00 1.024765157984628638e+00 9.784583086018350251e-01 9.905562575191509955e-01 0.000000000000000000e+00
-5.150000000000005684e+00 7.856532877882151933e-01 9.749388233725413411e-01 9.884650040192125564e-01 0.000000000000000000e+00
-4.949999999999988631e+00 1.093082835183603718e+00 9.708443240438309196e-01 9.859106564429714892e-01 0.000000000000000000e+00
-4.750000000000000000e+00 8.881298035866781460e-01 9.660808647136805982e-01 9.827906657099307886e-01 0.000000000000000000e+00
-4.549999999999982947e+00 1.058923996584116178e+00 9.605391505825051635e-01 9.789797739327877890e-01 0.000000000000000000e+00
-4.349999999999994316e+00 1.161400512382579020e+00 9.540920302476514347e-01 9.743249857043181361e-01 0.000000000000000000e+00
-4.150000000000005684e+00 9.222886421861656858e-01 9.465915782885256924e-01 9.686394258094249698e-01 0.000000000000000000e+00
-3.949999999999988631e+00 1.058923996584116178e+00 9.378657012039872676e-01 9.616948367686792842e-01 0.000000000000000000e+00
-3.750000000000000000e+00 1.058923996584116178e+00 9.277141888272147918e-01 9.532124150131453533e-01 0.000000000000000000e+00
-3.549999999999982947e+00 9.906063193851409876e-01 9.159041206200434493e-01 9.428516177915077234e-01 0.000000000000000000e+00
-3.349999999999994316e+00 9.906063193851409876e-01 9.021645214469057317e-01 9.301964914417911734e-01 0.000000000000000000e+00
-3.150000000000005684e+00 6.831767719897523516e-01 8.861801442081796987e-01 9.147389721504335380e-01 0.000000000000000000e+00
-2.949999999999988631e+00 7.856532877882151933e-01 8.675842366791253202e-01 8.958584887763528792e-01 0.000000000000000000e+00
-2.750000000000000000e+00 9.906063193851409876e-01 8.459501265937325876e-01 8.727970488572844854e-01 0.000000000000000000e+00
-2.549999999999982947e+00 7.514944491887276534e-01 8.207814318981112578e-01 8.446288076007316681e-01 0.000000000000000000e+00
-2.349999999999994316e+00 1.127241673783091480e+00 7.915006715553345451e-01 8.102228995465106109e-01 0.000000000000000000e+00
-2.150000000000005684e+00 8.198121263877028442e-01 7.574360157567028295e-01 7.681980990403516341e-01 0.000000000000000000e+00
-1.949999999999988631e+00 5.465414175918018591e-01 7.178058817781121093e-01 7.168690391242535931e-01 0.000000000000000000e+00
-1.750000000000000000e+00 6.490179333902648118e-01 6.717014054907426424e-01 6.542076645327890017e-01 0.000000000000000000e+00
-1.549999999999982947e+00 4.782237403928266684e-01 6.180753692762708251e-01 5.780812683147598108e-01 0.000000000000000000e+00
-1.349999999999994316e+00 5.465414175918018591e-01 5.558662016352822199e-01 4.883149460595389568e-01 0.000000000000000000e+00
-1.150000000000005684e+00 3.074295473953885804e-01 4.853423843926933934e-01 3.950095095829967429e-01 0.000000000000000000e+00
-9.499999999999886313e-01 2.732707087959009296e-01 4.154597254909774273e-01 3.343169831285772720e-01 0.000000000000000000e+00
-7.500000000000000000e-01 4.440649017933390730e-01 3.840580809810486551e-01 3.690105512325123072e-01 0.000000000000000000e+00
-5.499999999999829470e-01 4.782237403928266684e-01 4.704677103543181138e-01 5.408139347450888756e-01 0.000000000000000000e+00
-3.499999999999943157e-01 8.198121263877028442e-01 7.345633721165450991e-01 8.129771391110945933e-01 0.000000000000000000e+00
-1.500000000000056843e-01 9.222886421861656858e-01 1.105701911076477195e+00 1.092098403448232391e+00 0.000000000000000000e+00
5.000000000001136868e-02 1.537147736976942847e+00 1.412642040085222428e+00 1.306919865694185834e+00 0.000000000000000000e+00
2.500000000000000000e-01 1.434671221178480005e+00 1.560083182046795525e+00 1.441908738695899528e+00 0.000000000000000000e+00
4.500000000000170530e-01 1.537147736976942847e+00 1.585949191765888111e+00 1.513578326366031623e+00 0.000000000000000000e+00
6.500000000000056843e-01 1.468830059777967545e+00 1.562632700669315255e+00 1.543022104611796452e+00 0.000000000000000000e+00
8.499999999999943157e-01 1.537147736976942847e+00 1.528788956897568774e+00 1.546144624575890969e+00 0.000000000000000000e+00
1.050000000000011369e+00 1.366353543979504703e+00 1.495217859283063389e+00 1.533446820290230717e+00 0.000000000000000000e+00
1.250000000000000000e+00 1.776259607173356292e+00 1.463602807689868168e+00 1.511644607009401842e+00 0.000000000000000000e+00
1.450000000000017053e+00 1.468830059777967545e+00 1.433994921311265713e+00 1.484990281454786398e+00 0.000000000000000000e+00
1.650000000000005684e+00 1.298035866780529624e+00 1.406277479571054645e+00 1.456151005355691863e+00 0.000000000000000000e+00
1.849999999999994316e+00 1.502988898377455307e+00 1.380330222995085343e+00 1.426776774405527304e+00 0.000000000000000000e+00
2.050000000000011369e+00 1.434671221178480005e+00 1.356040109812847838e+00 1.397866552389513961e+00 0.000000000000000000e+00
2.250000000000000000e+00 1.434671221178480005e+00 1.333301305366786149e+00 1.370004137050270465e+00 0.000000000000000000e+00
2.450000000000017053e+00 1.229718189581554322e+00 1.312014734007332262e+00 1.343509992654512430e+00 0.000000000000000000e+00
2.650000000000005684e+00 1.161400512382579020e+00 1.292087647633223257e+00 1.318538883779660997e+00 0.000000000000000000e+00
2.849999999999994316e+00 1.229718189581554322e+00 1.273433221579545860e+00 1.295142560461733927e+00 0.000000000000000000e+00
3.050000000000011369e+00 1.332194705380017163e+00 1.255970176312461772e+00 1.273309914882152949e+00 0.000000000000000000e+00
3.250000000000000000e+00 1.366353543979504703e+00 1.239622423284701069e+00 1.252992622539650824e+00 0.000000000000000000e+00
3.450000000000017053e+00 1.024765157984628638e+00 1.224318733408773507e+00 1.234121437001297616e+00 0.000000000000000000e+00
3.650000000000005684e+00 1.229718189581554322e+00 1.209992426703455193e+00 1.216616472313269970e+00 0.000000000000000000e+00
3.849999999999994316e+00 1.366353543979504703e+00 1.196581081761231458e+00 1.200393623132800291e+00 0.000000000000000000e+00
4.050000000000011369e+00 1.161400512382579020e+00 1.184026263770872500e+00 1.185368508702006496e+00 0.000000000000000000e+00
4.250000000000000000e+00 1.400512382578992465e+00 1.172273269910074189e+00 1.171458833911821262e+00 0.000000000000000000e+00
4.450000000000017053e+00 8.881298035866781460e-01 1.161270890998801208e+00 1.158585742744987046e+00 0.000000000000000000e+00
4.650000000000005684e+00 1.127241673783091480e+00 1.150971188374863230e+00 1.146674534292490444e+00 0.000000000000000000e+00
4.849999999999994316e+00 1.571306575576430387e+00 1.141329285019500928e+00 1.135654979268241993e+00 0.000000000000000000e+00
5.050000000000011369e+00 8.881298035866781460e-01 1.132303170022928906e+00 1.125461389665693757e+00 0.000000000000000000e+00
5.250000000000000000e+00 1.161400512382579020e+00 1.123853515537851289e+00 1.116032539234890653e+00 0.000000000000000000e+00
5.450000000000017053e+00 1.058923996584116178e+00 1.115943505423386162e+00 1.107311497051267191e+00 0.000000000000000000e+00
5.650000000000005684e+00 1.093082835183603718e+00 1.108538674832807436e+00 1.099245413656482429e+00 0.000000000000000000e+00
5.849999999999994316e+00 1.127241673783091480e+00 1.101606760046136335e+00 1.091785284597292405e+00 0.000000000000000000e+00
6.050000000000011369e+00 9.564474807856533367e-01 1.095117557893312776e+00 1.084885706781085091e+00 0.000000000000000000e+00
6.250000000000000000e+00 1.639624252775405688e+00 1.089042794155425264e+00 1.078504637041249437e+00 0.000000000000000000e+00
6.450000000000017053e+00 9.222886421861656858e-01 1.083356000370597982e+00 1.072603158459198625e+00 0.000000000000000000e+00
6.650000000000005684e+00 9.906063193851409876e-01 1.078032398507789535e+00 1.067145257546522341e+00 0.000000000000000000e+00
6.849999999999994316e+00 1.229718189581554322e+00 1.073048793005983104e+00 1.062097613849761535e+00 0.000000000000000000e+00
7.050000000000011369e+00 1.161400512382579020e+00 1.068383469708396039e+00 1.057429402579074251e+00 0.000000000000000000e+00
7.250000000000000000e+00 9.906063193851409876e-01 1.064016101251339608e+00 1.053112110272317770e+00 0.000000000000000000e+00
7.450000000000017053e+00 1.024765157984628638e+00 1.059927658495494196e+00 1.049119363153834916e+00 0.000000000000000000e+00
7.650000000000005684e+00 1.434671221178480005e+00 1.056100327613710421e+00 1.045426767646128408e+00 0.000000000000000000e+00
7.849999999999994316e+00 1.058923996584116178e+00 1.052517432474059822e+00 1.042011762386984675e+00 0.000000000000000000e+00
8.050000000000011369e+00 8.539709649871904951e-01 1.049163361979963849e+00 1.038853481058902517e+00 0.000000000000000000e+00
8.250000000000000000e+00 9.906063193851409876e-01 1.046023502050806409e+00 1.035932625328830570e+00 0.000000000000000000e+00
8.450000000000017053e+00 1.127241673783091480e+00 1.043084171946658367e+00 1.033231347209689455e+00 0.000000000000000000e+00
8.650000000000005684e+00 1.161400512382579020e+00 1.040332564659683712e+00 1.030733140181546270e+00 0.000000000000000000e+00
8.849999999999994316e+00 1.024765157984628638e+00 1.037756691112494245e+00 1.028422738443700801e+00 0.000000000000000000e+00
9.050000000000011369e+00 9.906063193851409876e-01 1.035345327920326408e+00 1.026286023705659245e+00 0.000000000000000000e+00
9.250000000000000000e+00 8.539709649871904951e-01 1.033087968489431629e+00 1.024309938962650657e+00 0.000000000000000000e+00
9.450000000000017053e+00 9.564474807856533367e-01 1.030974777238606643e+00 1.022482408738614401e+00 0.000000000000000000e+00
9.650000000000005684e+00 7.514944491887276534e-01 1.028996546744408214e+00 1.020792265315629166e+00 0.000000000000000000e+00
9.849999999999994316e+00 1.127241673783091480e+00 1.027144657623322299e+00 1.019229180503072874e+00 0.000000000000000000e+00
1.005000000000001137e+01 9.222886421861656858e-01 1.025411040976093924e+00 1.017783602532211118e+00 0.000000000000000000e+00
1.025000000000000000e+01 9.906063193851409876e-01 1.023788143230583092e+00 1.016446697692290790e+00 0.000000000000000000e+00
1.045000000000001705e+01 8.198121263877028442e-01 1.022268893229958397e+00 1.015210296352582420e+00 0.000000000000000000e+00
1.065000000000000568e+01 8.881298035866781460e-01 1.020846671422834584e+00 1.014066843041235400e+00 0.000000000000000000e+00
1.084999999999999432e+01 8.881298035866781460e-01 1.019515281021105224e+00 1.013009350276338871e+00 0.000000000000000000e+00
1.105000000000001137e+01 7.856532877882151933e-01 1.018268920999807259e+00 1.012031355867353932e+00 0.000000000000000000e+00
1.125000000000000000e+01 9.906063193851409876e-01 1.017102160821371726e+00 1.011126883426181067e+00 0.000000000000000000e+00
1.145000000000001705e+01 1.332194705380017163e+00 1.016009916774129218e+00 1.010290405846678397e+00 0.000000000000000000e+00
1.165000000000000568e+01 7.856532877882151933e-01 1.014987429821981424e+00 1.009516811529533209e+00 0.000000000000000000e+00
1.184999999999999432e+01 1.161400512382579020e+00 1.014030244868717290e+00 1.008801373146147595e+00 0.000000000000000000e+00
1.205000000000001137e+01 9.564474807856533367e-01 1.013134191346634960e+00 1.008139718750687308e+00 0.000000000000000000e+00
1.225000000000000000e+01 9.564474807856533367e-01 1.012295365044886264e+00 1.007527805063791915e+00 0.000000000000000000e+00
1.245000000000001705e+01 1.127241673783091480e+00 1.011510111098369302e+00 1.006961892764689281e+00 0.000000000000000000e+00
1.265000000000000568e+01 5.807002561912895100e-01 1.010775008063051095e+00 1.006438523640749594e+00 0.000000000000000000e+00
1.284999999999999432e+01 7.514944491887276534e-01 1.010086853008331564e+00 1.005954499454837725e+00 0.000000000000000000e+00
1.305000000000001137e+01 7.514944491887276534e-01 1.009442647561497486e+00 1.005506862401335910e+00 0.000000000000000000e+00
1.325000000000000000e+01 1.093082835183603718e+00 1.008839584843459924e+00 1.005092877031406706e+00 0.000000000000000000e+00
1.345000000000001705e+01 8.539709649871904951e-01 1.008275037238849814e+00 1.004710013537042146e+00 0.000000000000000000e+00
1.365000000000000568e+01 1.093082835183603718e+00 1.007746544947188738e+00 1.004355932291757902e+00 0.000000000000000000e+00
1.384999999999999432e+01 9.564474807856533367e-01 1.007251805265248379e+00 1.004028469553456038e+00 0.000000000000000000e+00
1.405000000000001137e+01 9.222886421861656858e-01 1.006788662553899760e+00 1.003725624242095327e+00 0.000000000000000000e+00
1.425000000000000000e+01 9.906063193851409876e-01 1.006355098845741480e+00 1.003445545711364906e+00 0.000000000000000000e+00
1.445000000000001705e+01 9.222886421861656858e-01 1.005949225052575891e+00 1.003186522439638351e+00 0.000000000000000000e+00
1.465000000000000568e+01 8.881298035866781460e-01 1.005569272734430308e+00 1.002946971571098800e+00 0.000000000000000000e+00
1.484999999999999432e+01 8.881298035866781460e-01 1.005213586394254621e+00 1.002725429243124022e+00 0.000000000000000000e+00
1.505000000000001137e+01 1.058923996584116178e+00 1.004880616264726134e+00 1.002520541640822271e+00 0.000000000000000000e+00
1.525000000000000000e+01 7.856532877882151933e-01 1.004568911555730581e+00 1.002331056724054203e+00 0.000000000000000000e+00
1.545000000000001705e+01 7.856532877882151933e-01 1.004277114133097948e+00 1.002155816576386638e+00 0.000000000000000000e+00
1.565000000000000568e+01 9.564474807856533367e-01 1.004003952601052685e+00 1.001993750329223998e+00 0.000000000000000000e+00
1.584999999999999432e+01 8.198121263877028442e-01 1.003748236762591173e+00 1.001843867617876693e+00 0.000000000000000000e+00
1.605000000000001137e+01 6.831767719897523516e-01 1.003508852433654175e+00 1.001705252529576651e+00 0.000000000000000000e+00
1.625000000000000000e+01 8.881298035866781460e-01 1.003284756588495252e+00 1.001577058006461574e+00 0.000000000000000000e+00
1.645000000000001705e+01 8.881298035866781460e-01 1.003074972815093835e+00 1.001458500669318408e+00 0.000000000000000000e+00
1.665000000000000568e+01 9.564474807856533367e-01 1.002878587060814120e+00 1.001348856030461087e+00 0.000000000000000000e+00
1.684999999999999432e+01 9.906063193851409876e-01 1.002694743649769071e+00 1.001247454066484188e+00 0.000000000000000000e+00
1.705000000000001137e+01 9.564474807856533367e-01 1.002522641554539851e+00 1.001153675123842346e+00 0.000000000000000000e+00
1.725000000000000000e+01 1.161400512382579020e+00 1.002361530906005438e+00 1.001066946132232127e+00 0.000000000000000000e+00
1.745000000000001705e+01 8.198121263877028442e-01 1.002210709726073512e+00 1.000986737102637525e+00 0.000000000000000000e+00
1.765000000000000568e+01 9.222886421861656858e-01 1.002069520869080410e+00 1.000912557888639309e+00 0.000000000000000000e+00
1.784999999999999432e+01 7.856532877882151933e-01 1.001937349158528390e+00 1.000843955191197177e+00 0.000000000000000000e+00
1.805000000000001137e+01 1.298035866780529624e+00 1.001813618706690390e+00 1.000780509788601558e+00 0.000000000000000000e+00
1.825000000000000000e+01 8.539709649871904951e-01 1.001697790405399191e+00 1.000721833974667296e+00 0.000000000000000000e+00
1.845000000000001705e+01 5.807002561912895100e-01 1.001589359577088612e+00 1.000667569189513273e+00 0.000000000000000000e+00
1.865000000000000568e+01 9.222886421861656858e-01 1.001487853775854697e+00 1.000617383828452889e+00 0.000000000000000000e+00
1.884999999999999432e+01 9.906063193851409876e-01 1.001392830728953465e+00 1.000570971215602345e+00 0.000000000000000000e+00
1.905000000000001137e+01 1.058923996584116178e+00 1.001303876409765037e+00 1.000528047729827064e+00 0.000000000000000000e+00
1.925000000000000000e+01 1.229718189581554322e+00 1.001220603233832440e+00 1.000488351071570747e+00 0.000000000000000000e+00
1.945000000000001705e+01 1.024765157984628638e+00 1.001142648370109356e+00 1.000451638659979547e+00 0.000000000000000000e+00
1.965000000000000568e+01 1.161400512382579020e+00 1.001069672160063373e+00 1.000417686150522956e+00 0.000000000000000000e+00
1.984999999999999432e+01 9.564474807856533367e-01 1.001001356637742257e+00 1.000386286064055108e+00 0.000000000000000000e+00
