-1.994999999999998863e+01 7.808142777467931284e-01 0.000000000000000000e+00 1.000000000000000000e+00 1.000000000000000000e+00
-1.975000000000000000e+01 1.171221416620189748e+00 0.000000000000000000e+00 1.000000000000000000e+00 1.000000000000000000e+00
-1.954999999999998295e+01 1.450083658672615794e+00 0.000000000000000000e+00 1.000000000000000000e+00 1.000000000000000000e+00
-1.934999999999999432e+01 1.171221416620189748e+00 0.000000000000000000e+00 1.000000000000000000e+00 1.000000000000000000e+00
-1.914999999999997726e+01 1.003904071388733943e+00 0.000000000000000000e+00 1.000000000000000000e+00 1.000000000000000000e+00
-1.894999999999998863e+01 1.282766313441159989e+00 0.000000000000000000e+00 1.000000000000000000e+00 1.000000000000000000e+00
-1.875000000000000000e+01 8.923591745677635911e-01 0.000000000000000000e+00 1.000000000000000000e+00 1.000000000000000000e+00
-1.854999999999998295e+01 8.923591745677635911e-01 0.000000000000000000e+00 1.000000000000000000e+00 1.000000000000000000e+00
-1.834999999999999432e+01 1.338538761851645331e+00 0.000000000000000000e+00 1.000000000000000000e+00 1.000000000000000000e+00
-1.814999999999997726e+01 1.059676519799219285e+00 0.000000000000000000e+00 1.000000000000000000e+00 1.000000000000000000e+00
-1.794999999999998863e+01 1.003904071388733943e+00 0.000000000000000000e+00 1.000000000000000000e+00 1.000000000000000000e+00
-1.775000000000000000e+01 1.561628555493586257e+00 0.000000000000000000e+00 1.000000000000000000e+00 1.000000000000000000e+00
-1.754999999999998295e+01 9.481316229782487115e-01 0.000000000000000000e+00 1.000000000000000000e+00 1.000000000000000000e+00
-1.734999999999999432e+01 1.282766313441159989e+00 0.000000000000000000e+00 1.000000000000000000e+00 1.000000000000000000e+00
-1.714999999999997726e+01 1.338538761851645331e+00 0.000000000000000000e+00 1.000000000000000000e+00 1.000000000000000000e+00
-1.694999999999998863e+01 7.808142777467931284e-01 0.000000000000000000e+00 1.000000000000000000e+00 1.000000000000000000e+00
-1.675000000000000000e+01 1.003904071388733943e+00 0.000000000000000000e+00 1.000000000000000000e+00 9.999999999999998890e-01
-1.654999999999998295e+01 6.692693809258226656e-01 0.000000000000000000e+00 1.000000000000000000e+00 9.999999999999998890e-01
-1.634999999999999432e+01 1.059676519799219285e+00 0.000000000000000000e+00 1.000000000000000000e+00 9.999999999999998890e-01
-1.614999999999997726e+01 8.365867261572783598e-01 0.000000000000000000e+00 1.000000000000000000e+00 9.999999999999997780e-01
-1.594999999999998863e+01 6.134969325153374342e-01 0.000000000000000000e+00 1.000000000000000000e+00 9.999999999999995559e-01
-1.575000000000000000e+01 1.171221416620189748e+00 0.000000000000000000e+00 1.000000000000000000e+00 9.999999999999994449e-01
-1.554999999999998295e+01 1.394311210262130452e+00 0.000000000000000000e+00 1.000000000000000000e+00 9.999999999999990008e-01
-1.534999999999999432e+01 1.505856107083100914e+00 0.000000000000000000e+00 1.000000000000000000e+00 9.999999999999985567e-01
-1.514999999999997726e+01 9.481316229782487115e-01 0.000000000000000000e+00 1.000000000000000000e+00 9.999999999999976685e-01
-1.494999999999998863e+01 9.481316229782487115e-01 0.000000000000000000e+00 1.000000000000000000e+00 9.999999999999963363e-01
-1.475000000000000000e+01 1.003904071388733943e+00 0.000000000000000000e+00 1.000000000000000000e+00 9.999999999999943379e-01
-1.454999999999998295e+01 1.003904071388733943e+00 0.000000000000000000e+00 1.000000000000000000e+00 9.999999999999911182e-01
-1.434999999999999432e+01 1.115448968209704406e+00 0.000000000000000000e+00 1.000000000000000000e+00 9.999999999999861222e-01
-1.414999999999997726e+01 1.450083658672615794e+00 0.000000000000000000e+00 1.000000000000000000e+00 9.999999999999782396e-01
-1.394999999999998863e+01 1.338538761851645331e+00 0.000000000000000000e+00 1.000000000000000000e+00 9.999999999999659162e-01
-1.375000000000000000e+01 1.115448968209704406e+00 0.000000000000000000e+00 1.000000000000000000e+00 9.999999999999467093e-01
-1.354999999999998295e+01 1.226993865030674868e+00 0.000000000000000000e+00 1.000000000000000000e+00 9.999999999999166223e-01
-1.334999999999999432e+01 1.394311210262130452e+00 0.000000000000000000e+00 1.000000000000000000e+00 9.999999999998696598e-01
-1.314999999999997726e+01 9.481316229782487115e-01 0.000000000000000000e+00 1.000000000000000000e+00 9.999999999997961631e-01
-1.294999999999998863e+01 1.450083658672615794e+00 0.000000000000000000e+00 1.000000000000000000e+00 9.999999999996812550e-01
-1.275000000000000000e+01 1.059676519799219285e+00 0.000000000000000000e+00 1.000000000000000000e+00 9.999999999995015099e-01
-1.254999999999998295e+01 9.481316229782487115e-01 0.000000000000000000e+00 1.000000000000000000e+00 9.999999999992204014e-01
-1.234999999999999432e+01 1.728945900725041840e+00 0.000000000000000000e+00 1.000000000000000000e+00 9.999999999987808641e-01
-1.214999999999997726e+01 1.226993865030674868e+00 0.000000000000000000e+00 1.000000000000000000e+00 9.999999999980934140e-01
-1.194999999999998863e+01 1.171221416620189748e+00 0.000000000000000000e+00 1.000000000000000000e+00 9.999999999970182740e-01
-1.175000000000000000e+01 1.226993865030674868e+00 0.000000000000000000e+00 1.000000000000000000e+00 9.999999999953368413e-01
-1.154999999999998295e+01 8.365867261572783598e-01 0.000000000000000000e+00 1.000000000000000000e+00 9.999999999927072780e-01
-1.134999999999999432e+01 1.115448968209704406e+00 0.000000000000000000e+00 1.000000000000000000e+00 9.999999999885949009e-01
-1.114999999999997726e+01 9.481316229782487115e-01 0.000000000000000000e+00 1.000000000000000000e+00 9.999999999821637120e-01
-1.094999999999998863e+01 1.338538761851645331e+00 0.000000000000000000e+00 1.000000000000000000e+00 9.999999999721057575e-01
-1.075000000000000000e+01 1.171221416620189748e+00 0.000000000000000000e+00 1.000000000000000000e+00 9.999999999563763398e-01
-1.054999999999998295e+01 1.115448968209704406e+00 0.000000000000000000e+00 1.000000000000000000e+00 9.999999999317771282e-01
-1.034999999999999432e+01 1.505856107083100914e+00 0.000000000000000000e+00 1.000000000000000000e+00 9.999999998933063461e-01
-1.014999999999997726e+01 1.282766313441159989e+00 0.000000000000000000e+00 1.000000000000000000e+00 9.999999998331420281e-01
-9.949999999999988631e+00 8.923591745677635911e-01 0.000000000000000000e+00 1.000000000000000000e+00 9.999999997390512929e-01
-9.750000000000000000e+00 1.059676519799219285e+00 0.000000000000000000e+00 1.000000000000000000e+00 9.999999995919028883e-01
-9.549999999999982947e+00 1.617401003904071377e+00 0.000000000000000000e+00 1.000000000000000000e+00 9.999999993617779692e-01
-9.349999999999994316e+00 9.481316229782487115e-01 0.000000000000000000e+00 1.000000000000000000e+00 9.999999990018861862e-01
-9.149999999999977263e+00 8.923591745677635911e-01 0.000000000000000000e+00 9.999999999999998890e-01 9.999999984390521846e-01
-8.949999999999988631e+00 1.115448968209704406e+00 0.000000000000000000e+00 9.999999999999997780e-01 9.999999975588376167e-01
-8.750000000000000000e+00 1.226993865030674868e+00 0.000000000000000000e+00 9.999999999999995559e-01 9.999999961822721994e-01
-8.549999999999982947e+00 9.481316229782487115e-01 0.000000000000000000e+00 9.999999999999988898e-01 9.999999940294648226e-01
-8.349999999999994316e+00 8.923591745677635911e-01 0.000000000000000000e+00 9.999999999999973355e-01 9.999999906626948487e-01
-8.149999999999977263e+00 1.171221416620189748e+00 0.000000000000000000e+00 9.999999999999937828e-01 9.999999853974115283e-01
-7.949999999999988631e+00 1.115448968209704406e+00 0.000000000000000000e+00 9.999999999999856781e-01 9.999999771630480039e-01
-7.750000000000000000e+00 8.923591745677635911e-01 0.000000000000000000e+00 9.999999999999665823e-01 9.999999642853473203e-01
-7.549999999999982947e+00 1.115448968209704406e+00 0.000000000000000000e+00 9.999999999999223954e-01 9.999999441459428429e-01
-7.349999999999994316e+00 1.784718349135527182e+00 0.000000000000000000e+00 9.999999999998195888e-01 9.999999126499781177e-01
-7.149999999999977263e+00 7.808142777467931284e-01 0.000000000000000000e+00 9.999999999995805577e-01 9.999998633935166525e-01
-6.949999999999988631e+00 1.115448968209704406e+00 0.000000000000000000e+00 9.999999999990248911e-01 9.999997863614583649e-01
-6.750000000000000000e+00 1.115448968209704406e+00 0.000000000000000000e+00 9.999999999977328136e-01 9.999996658912128078e-01
-6.549999999999982947e+00 1.450083658672615794e+00 0.000000000000000000e+00 9.999999999947286611e-01 9.999994774880935910e-01
-6.349999999999994316e+00 1.450083658672615794e+00 0.000000000000000000e+00 9.999999999877441370e-01 9.999991828449209530e-01
-6.149999999999977263e+00 9.481316229782487115e-01 0.000000000000000000e+00 9.999999999715046828e-01 9.999987220531917353e-01
-5.949999999999988631e+00 1.003904071388733943e+00 0.000000000000000000e+00 9.999999999337476631e-01 9.999980014221453439e-01
-5.750000000000000000e+00 1.505856107083100914e+00 0.000000000000000000e+00 9.999999998459616624e-01 9.999968744290329559e-01
-5.549999999999982947e+00 1.003904071388733943e+00 0.000000000000000000e+00 9.999999996418569292e-01 9.999951119272901812e-01
-5.349999999999994316e+00 9.481316229782487115e-01 0.000000000000000000e+00 9.999999991673081956e-01 9.999923555551710752e-01
-5.149999999999977263e+00 1.003904071388733943e+00 0.000000000000000000e+00 9.999999980639701080e-01 9.999880448716269576e-01
-4.949999999999988631e+00 1.226993865030674868e+00 0.000000000000000000e+00 9.999999954986807937e-01 9.999813034042871474e-01
-4.750000000000000000e+00 1.115448968209704406e+00 0.000000000000000000e+00 9.999999895343171241e-01 9.999707604401772976e-01
-4.549999999999982947e+00 1.282766313441159989e+00 0.000000000000000000e+00 9.999999756670180373e-01 9.999542723246653830e-01
-4.349999999999994316e+00 1.338538761851645331e+00 0.000000000000000000e+00 9.999999434251910513e-01 9.999284866015701878e-01
-4.149999999999977263e+00 1.115448968209704406e+00 0.000000000000000000e+00 9.999998684621138612e-01 9.998881603729568024e-01
-3.949999999999988631e+00 1.282766313441159989e+00 0.000000000000000000e+00 9.999996941710312948e-01 9.998250942837034749e-01
-3.750000000000000000e+00 1.171221416620189748e+00 0.000000000000000000e+00 9.999992889397808504e-01 9.997264653826019032e-01
-3.549999999999982947e+00 1.450083658672615794e+00 0.000000000000000000e+00 9.999983467666997417e-01 9.995722198879523068e-01
-3.349999999999994316e+00 1.059676519799219285e+00 0.000000000000000000e+00 9.999961561900505558e-01 9.993309957401215193e-01
-3.149999999999977263e+00 1.171221416620189748e+00 0.000000000000000000e+00 9.999910630429929004e-01 9.989537458915677126e-01
-2.949999999999988631e+00 1.059676519799219285e+00 0.000000000000000000e+00 9.999792213450725553e-01 9.983637657858706049e-01
-2.750000000000000000e+00 1.394311210262130452e+00 0.000000000000000000e+00 9.999516890928025203e-01 9.974410973568369476e-01
-2.549999999999982947e+00 1.226993865030674868e+00 0.000000000000000000e+00 9.998876758980613788e-01 9.959981384812495175e-01
-2.349999999999994316e+00 7.808142777467931284e-01 0.000000000000000000e+00 9.997388435737584178e-01 9.937414986623099855e-01
-2.149999999999977263e+00 1.226993865030674868e+00 0.000000000000000000e+00 9.993928046012947597e-01 9.902123452272790782e-01
-1.949999999999988631e+00 1.059676519799219285e+00 0.000000000000000000e+00 9.985882558309873147e-01 9.846931108964342982e-01
-1.750000000000000000e+00 1.003904071388733943e+00 0.000000000000000000e+00 9.967176952890836050e-01 9.760615942106423137e-01
-1.549999999999982947e+00 8.365867261572783598e-01 0.000000000000000000e+00 9.923697392776273940e-01 9.625627988646204836e-01
-1.349999999999994316e+00 1.115448968209704406e+00 0.000000000000000000e+00 9.822844807366445385e-01 9.414524716975046781e-01
-1.149999999999977263e+00 8.365867261572783598e-01 0.000000000000000000e+00 9.591621257475814177e-01 9.084468550597574188e-01
-9.499999999999886313e-01 1.003904071388733943e+00 0.000000000000000000e+00 9.083356831231523820e-01 8.569538192130128351e-01
-7.500000000000000000e-01 6.692693809258226656e-01 0.000000000000000000e+00 8.075505800630452535e-01 7.775815749870766957e-01
-5.499999999999829470e-01 8.365867261572783598e-01 0.000000000000000000e+00 6.412050023637280161e-01 6.605339345340075496e-01
-3.499999999999943157e-01 3.346346904629113328e-01 0.000000000000000000e+00 4.298392594644481757e-01 5.059790487298455597e-01
-1.499999999999772626e-01 1.115448968209704489e-01 0.000000000000000000e+00 2.365972609622160883e-01 3.395786192594286712e-01
5.000000000001136868e-02 2.788622420524261014e-01 0.000000000000000000e+00 1.194160521519761486e-01 2.094456236186966747e-01
2.500000000000000000e-01 2.230897936419408978e-01 0.000000000000000000e+00 8.391116761467172502e-02 1.506938877977152536e-01
4.500000000000170530e-01 5.577244841048522445e-02 0.000000000000000000e+00 9.822919301370550138e-02 1.573430025183462366e-01
6.500000000000056843e-01 2.230897936419408978e-01 0.000000000000000000e+00 1.330216198661077487e-01 1.986346482885670006e-01
8.500000000000227374e-01 1.673173452314556664e-01 0.000000000000000000e+00 1.748017332773112720e-01 2.497072205877904627e-01
1.050000000000011369e+00 2.788622420524261014e-01 0.000000000000000000e+00 2.192368986758290172e-01 3.002129962840223154e-01
1.250000000000000000e+00 1.673173452314556664e-01 0.000000000000000000e+00 2.647661444842596135e-01 3.477217141967162140e-01
1.450000000000017053e+00 3.346346904629113328e-01 0.000000000000000000e+00 3.104718481707842703e-01 3.920444644262230938e-01
1.650000000000005684e+00 3.346346904629113328e-01 0.000000000000000000e+00 3.556705329050503517e-01 4.333579693927346321e-01
1.850000000000022737e+00 4.461795872838817956e-01 0.000000000000000000e+00 3.998403263551761899e-01 4.718641275208100838e-01
2.050000000000011369e+00 2.230897936419408978e-01 0.000000000000000000e+00 4.425902664561473521e-01 5.077536025834306077e-01
2.250000000000000000e+00 5.577244841048522028e-01 0.000000000000000000e+00 4.836365174321829441e-01 5.412042082926407094e-01
2.450000000000017053e+00 2.788622420524261014e-01 0.000000000000000000e+00 5.227824659630915249e-01 5.723816779709915981e-01
2.650000000000005684e+00 5.577244841048522028e-01 0.000000000000000000e+00 5.599020328380301947e-01 6.014404825850291347e-01
2.850000000000022737e+00 8.365867261572783598e-01 0.000000000000000000e+00 5.949257153097642359e-01 6.285245960268348586e-01
3.050000000000011369e+00 5.577244841048522028e-01 0.000000000000000000e+00 6.278289472327376330e-01 6.537682084421247986e-01
3.250000000000000000e+00 6.692693809258226656e-01 0.000000000000000000e+00 6.586224236280324718e-01 6.772963910847897839e-01
3.450000000000017053e+00 6.692693809258226656e-01 0.000000000000000000e+00 6.873440875222760482e-01 6.992257159912118603e-01
3.650000000000005684e+00 3.346346904629113328e-01 0.000000000000000000e+00 7.140525209376891169e-01 7.196648335446116374e-01
3.850000000000022737e+00 1.171221416620189748e+00 0.000000000000000000e+00 7.388215197472804974e-01 7.387150107910377406e-01
4.050000000000011369e+00 8.923591745677635911e-01 0.000000000000000000e+00 7.617356646029325162e-01 7.564706331740493894e-01
4.250000000000000000e+00 1.059676519799219285e+00 0.000000000000000000e+00 7.828867280298812403e-01 7.730196721740563159e-01
4.450000000000017053e+00 7.250418293363078970e-01 0.000000000000000000e+00 8.023707816941456628e-01 7.884441211691995965e-01
4.650000000000005684e+00 5.577244841048522028e-01 0.000000000000000000e+00 8.202858883406412005e-01 8.028204016773070606e-01
4.850000000000022737e+00 8.923591745677635911e-01 0.000000000000000000e+00 8.367302804436205221e-01 8.162197419916952246e-01
5.050000000000011369e+00 1.003904071388733943e+00 0.000000000000000000e+00 8.518009426186943234e-01 8.287085300867442772e-01
5.250000000000000000e+00 8.365867261572783598e-01 0.000000000000000000e+00 8.655925276720295436e-01 8.403486425418016381e-01
5.450000000000017053e+00 1.059676519799219285e+00 0.000000000000000000e+00 8.781965471131945034e-01 8.511977511130418561e-01
5.650000000000005684e+00 3.904071388733965642e-01 0.000000000000000000e+00 8.897007862983996596e-01 8.613096084722365875e-01
5.850000000000022737e+00 1.003904071388733943e+00 0.000000000000000000e+00 9.001889023281390845e-01 8.707343145281589702e-01
6.050000000000011369e+00 9.481316229782487115e-01 0.000000000000000000e+00 9.097401695943090338e-01 8.795185646500960353e-01
6.250000000000000000e+00 4.461795872838817956e-01 0.000000000000000000e+00 9.184293436262256360e-01 8.877058810233504627e-01
6.450000000000017053e+00 8.923591745677635911e-01 0.000000000000000000e+00 9.263266187682085429e-01 8.953368282829653468e-01
6.650000000000005684e+00 1.003904071388733943e+00 0.000000000000000000e+00 9.334976593595596395e-01 9.024492144940605698e-01
6.850000000000022737e+00 1.226993865030674868e+00 0.000000000000000000e+00 9.400036875885734444e-01 9.090782784745582434e-01
7.050000000000011369e+00 8.923591745677635911e-01 0.000000000000000000e+00 9.459016141487748275e-01 9.152568643883781663e-01
7.250000000000000000e+00 1.226993865030674868e+00 0.000000000000000000e+00 9.512442003177059568e-01 9.210155844741652054e-01
7.450000000000017053e+00 7.250418293363078970e-01 0.000000000000000000e+00 9.560802421747874869e-01 9.263829707157766880e-01
7.650000000000005684e+00 7.250418293363078970e-01 0.000000000000000000e+00 9.604547694339646835e-01 9.313856162060020205e-01
7.850000000000022737e+00 1.226993865030674868e+00 0.000000000000000000e+00 9.644092528394477837e-01 9.360483069039169379e-01
8.050000000000011369e+00 1.115448968209704406e+00 0.000000000000000000e+00 9.679818153020098848e-01 9.403941444386564319e-01
8.250000000000000000e+00 7.808142777467931284e-01 0.000000000000000000e+00 9.712074429762074246e-01 9.444446605680660856e-01
8.450000000000017053e+00 1.115448968209704406e+00 0.000000000000000000e+00 9.741181933269665860e-01 9.482199238593097546e-01
8.650000000000005684e+00 1.115448968209704406e+00 0.000000000000000000e+00 9.767433979344459782e-01 9.517386391199955664e-01
8.850000000000022737e+00 7.808142777467931284e-01 0.000000000000000000e+00 9.791098583619799456e-01 9.550182400724651632e-01
9.050000000000011369e+00 1.059676519799219285e+00 0.000000000000000000e+00 9.812420338828701238e-01 9.580749757303940184e-01
9.250000000000000000e+00 7.250418293363078970e-01 0.000000000000000000e+00 9.831622202446957948e-01 9.609239909056760398e-01
9.450000000000017053e+00 1.059676519799219285e+00 0.000000000000000000e+00 9.848907189588347322e-01 9.635794012444580670e-01
9.650000000000005684e+00 9.481316229782487115e-01 0.000000000000000000e+00 9.864459968502072851e-01 9.660543631641014262e-01
9.850000000000022737e+00 1.003904071388733943e+00 0.000000000000000000e+00 9.878448357981588490e-01 9.683611390375792549e-01
1.005000000000001137e+01 1.003904071388733943e+00 0.000000000000000000e+00 9.891024727525532523e-01 9.705111579482640360e-01
1.025000000000000000e+01 1.282766313441159989e+00 0.000000000000000000e+00 9.902327302270164111e-01 9.725150723161275490e-01
1.045000000000001705e+01 9.481316229782487115e-01 0.000000000000000000e+00 9.912481375599719868e-01 9.743828106759037100e-01
1.065000000000000568e+01 1.505856107083100914e+00 0.000000000000000000e+00 9.921600432989897689e-01 9.761236268687122353e-01
1.085000000000002274e+01 8.923591745677635911e-01 0.000000000000000000e+00 9.929787191093559784e-01 9.777461458908671688e-01
1.105000000000001137e+01 8.923591745677635911e-01 0.000000000000000000e+00 9.937134556374308536e-01 9.792584066270260124e-01
1.125000000000000000e+01 1.450083658672615794e+00 0.000000000000000000e+00 9.943726507763446243e-01 9.806679016794110915e-01
1.145000000000001705e+01 1.059676519799219285e+00 0.000000000000000000e+00 9.949638907884922334e-01 9.819816144904335298e-01
1.165000000000000568e+01 6.692693809258226656e-01 0.000000000000000000e+00 9.954940247382871865e-01 9.832060539426499268e-01
1.185000000000002274e+01 6.134969325153374342e-01 0.000000000000000000e+00 9.959692326814704177e-01 9.843472866074799432e-01
1.205000000000001137e+01 5.577244841048522028e-01 0.000000000000000000e+00 9.963950880454438552e-01 9.854109668024597646e-01
1.225000000000000000e+01 8.923591745677635911e-01 0.000000000000000000e+00 9.967766146198131505e-01 9.864023646059576489e-01
1.245000000000001705e+01 1.561628555493586257e+00 0.000000000000000000e+00 9.971183385585437042e-01 9.873263919681474210e-01
1.265000000000000568e+01 1.505856107083100914e+00 0.000000000000000000e+00 9.974243357756956696e-01 9.881876270476104285e-01
1.285000000000002274e+01 1.115448968209704406e+00 0.000000000000000000e+00 9.976982750962258839e-01 9.889903368941459494e-01
1.305000000000001137e+01 8.365867261572783598e-01 0.000000000000000000e+00 9.979434575023592435e-01 9.897384985901681587e-01
1.325000000000000000e+01 1.226993865030674868e+00 0.000000000000000000e+00 9.981628517949445722e-01 9.904358189554417491e-01
1.345000000000001705e+01 1.226993865030674868e+00 0.000000000000000000e+00 9.983591269683345093e-01 9.910857529127811150e-01
1.365000000000000568e+01 1.282766313441159989e+00 0.000000000000000000e+00 9.985346815769214901e-01 9.916915206057079768e-01
1.385000000000002274e+01 1.115448968209704406e+00 0.000000000000000000e+00 9.986916703516895977e-01 9.922561233528796043e-01
1.405000000000001137e+01 1.226993865030674868e+00 0.000000000000000000e+00 9.988320283061613569e-01 9.927823585183331856e-01
1.425000000000000000e+01 1.003904071388733943e+00 0.000000000000000000e+00 9.989574925529981497e-01 9.932728333712224078e-01
1.445000000000001705e+01 9.481316229782487115e-01 0.000000000000000000e+00 9.990696220353306733e-01 9.937299780037166519e-01
1.465000000000000568e+01 1.059676519799219285e+00 0.000000000000000000e+00 9.991698153606779487e-01 9.941560573710627180e-01
1.485000000000002274e+01 8.923591745677635911e-01 0.000000000000000000e+00 9.992593269100710218e-01 9.945531825134658055e-01
1.505000000000001137e+01 9.481316229782487115e-01 0.000000000000000000e+00 9.993392813807363551e-01 9.949233210153861640e-01
1.525000000000000000e+01 8.923591745677635911e-01 0.000000000000000000e+00 9.994106869073752231e-01 9.952683067540750717e-01
1.545000000000001705e+01 1.338538761851645331e+00 0.000000000000000000e+00 9.994744468947076577e-01 9.955898489856486178e-01
1.565000000000000568e+01 1.505856107083100914e+00 0.000000000000000000e+00 9.995313706824603406e-01 9.958895408137170557e-01
1.585000000000002274e+01 8.923591745677635911e-01 0.000000000000000000e+00 9.995821831533568957e-01 9.961688670825294967e-01
1.605000000000001137e+01 8.923591745677635911e-01 0.000000000000000000e+00 9.996275333848611000e-01 9.964292117337383292e-01
1.625000000000000000e+01 1.338538761851645331e+00 0.000000000000000000e+00 9.996680024363896466e-01 9.966718646632364287e-01
1.645000000000001705e+01 1.505856107083100914e+00 0.000000000000000000e+00 9.997041103554012986e-01 9.968980281120363163e-01
1.665000000000000568e+01 9.481316229782487115e-01 0.000000000000000000e+00 9.997363224781379287e-01 9.971088226228581597e-01
1.685000000000002274e+01 1.338538761851645331e+00 0.000000000000000000e+00 9.997650550938120828e-01 9.973052925919377865e-01
1.705000000000001137e+01 1.226993865030674868e+00 0.000000000000000000e+00 9.997906805346225001e-01 9.974884114435607074e-01
1.725000000000000000e+01 9.481316229782487115e-01 0.000000000000000000e+00 9.998135317481482431e-01 9.976590864529618630e-01
1.745000000000001705e+01 8.923591745677635911e-01 0.000000000000000000e+00 9.998339064033162638e-01 9.978181632414844238e-01
1.765000000000000568e+01 1.059676519799219285e+00 0.000000000000000000e+00 9.998520705762893312e-01 9.979664299662697191e-01
1.785000000000002274e+01 1.338538761851645331e+00 0.000000000000000000e+00 9.998682620581690328e-01 9.981046212252381311e-01
1.805000000000001137e+01 8.923591745677635911e-01 0.000000000000000000e+00 9.998826933223938784e-01 9.982334216967053697e-01
1.825000000000000000e+01 9.481316229782487115e-01 0.000000000000000000e+00 9.998955541860352625e-01 9.983534695316701457e-01
1.845000000000001705e+01 7.250418293363078970e-01 0.000000000000000000e+00 9.999070141958694702e-01 9.984653595155773553e-01
1.865000000000000568e+01 7.808142777467931284e-01 0.000000000000000000e+00 9.999172247670876645e-01 9.985696460152250209e-01
1.885000000000002274e+01 1.115448968209704406e+00 0.000000000000000000e+00 9.999263210997588747e-01 9.986668457254135323e-01
1.905000000000001137e+01 1.450083658672615794e+00 0.000000000000000000e+00 9.999344238956924258e-01 9.987574402289459696e-01
1.925000000000000000e+01 1.115448968209704406e+00 0.000000000000000000e+00 9.999416408960900560e-01 9.988418783826643610e-01
1.945000000000001705e+01 1.059676519799219285e+00 0.000000000000000000e+00 9.999480682583570257e-01 9.989205785413427519e-01
1.965000000000000568e+01 8.923591745677635911e-01 0.000000000000000000e+00 9.999537917885965577e-01 9.989939306304546074e-01
1.985000000000002274e+01 8.365867261572783598e-01 0.000000000000000000e+00 9.999588880446586003e-01 9.990622980780865525e-01
