-1.994999999999998863e+01 1.241107915846829224e+00 0.000000000000000000e+00 9.999556663884030527e-01 9.999025103006229376e-01
-1.975000000000000000e+01 1.029211442409565747e+00 0.000000000000000000e+00 9.999509311531058486e-01 9.998930760347988222e-01
-1.955000000000001137e+01 1.029211442409565747e+00 0.000000000000000000e+00 9.999456901513594786e-01 9.998827287969149769e-01
-1.934999999999999432e+01 9.383986680793099389e-01 0.000000000000000000e+00 9.999398893626800788e-01 9.998713802369081360e-01
-1.915000000000000568e+01 1.210836991070077362e+00 0.000000000000000000e+00 9.999334689967022127e-01 9.998589334549096153e-01
-1.894999999999998863e+01 1.210836991070077362e+00 0.000000000000000000e+00 9.999263628769022860e-01 9.998452821738637031e-01
-1.875000000000000000e+01 9.686695928560618007e-01 0.000000000000000000e+00 9.999184977584986145e-01 9.998303098320795446e-01
-1.855000000000001137e+01 8.475858937490541312e-01 0.000000000000000000e+00 9.999097925734966585e-01 9.998138885879672699e-01
-1.834999999999999432e+01 1.301649765400333170e+00 0.000000000000000000e+00 9.999001575950985377e-01 9.997958782284600554e-01
-1.815000000000000568e+01 1.271378840623581086e+00 0.000000000000000000e+00 9.998894935128636030e-01 9.997761249718031262e-01
-1.794999999999998863e+01 1.089753291963069692e+00 0.000000000000000000e+00 9.998776904090872497e-01 9.997544601544851028e-01
-1.775000000000000000e+01 1.089753291963069692e+00 0.000000000000000000e+00 9.998646266258489623e-01 9.997306987911018794e-01
-1.755000000000001137e+01 7.870440441955502964e-01 0.000000000000000000e+00 9.998501675110490483e-01 9.997046379948563155e-01
-1.734999999999999432e+01 1.241107915846829224e+00 0.000000000000000000e+00 9.998341640305116185e-01 9.996760552452049753e-01
-1.715000000000000568e+01 1.301649765400333170e+00 0.000000000000000000e+00 9.998164512318477026e-01 9.996447064878634103e-01
-1.694999999999998863e+01 6.659603450885425158e-01 0.000000000000000000e+00 9.997968465442438335e-01 9.996103240509441878e-01
-1.675000000000000000e+01 8.475858937490541312e-01 0.000000000000000000e+00 9.997751478966537819e-01 9.995726143594366730e-01
-1.655000000000001137e+01 1.120024216739821554e+00 0.000000000000000000e+00 9.997511316349946275e-01 9.995312554285110673e-01
-1.634999999999999432e+01 1.422733464507340839e+00 0.000000000000000000e+00 9.997245502168814468e-01 9.994858941142458209e-01
-1.615000000000000568e+01 1.210836991070077362e+00 0.000000000000000000e+00 9.996951296601381820e-01 9.994361430983030870e-01
-1.594999999999998863e+01 7.567731194187983235e-01 0.000000000000000000e+00 9.996625667187857278e-01 9.993815775808033708e-01
-1.575000000000000000e+01 1.089753291963069692e+00 0.000000000000000000e+00 9.996265257574001861e-01 9.993217316531659566e-01
-1.555000000000001137e+01 1.150295141516573416e+00 0.000000000000000000e+00 9.995866352916239483e-01 9.992560943199396695e-01
-1.534999999999999432e+01 1.059482367186317608e+00 0.000000000000000000e+00 9.995424841591715737e-01 9.991841051356603609e-01
-1.515000000000000568e+01 9.989405176328137737e-01 0.000000000000000000e+00 9.994936172818640330e-01 9.991051494194777005e-01
-1.494999999999998863e+01 1.241107915846829224e+00 0.000000000000000000e+00 9.994395309750095935e-01 9.990185530066926223e-01
-1.475000000000000000e+01 1.210836991070077362e+00 0.000000000000000000e+00 9.993796677557836849e-01 9.989235764923907190e-01
-1.455000000000001137e+01 9.686695928560618007e-01 0.000000000000000000e+00 9.993134105970957748e-01 9.988194089180207902e-01
-1.434999999999999432e+01 9.081277433025579660e-01 0.000000000000000000e+00 9.992400765677174057e-01 9.987051608470123298e-01
-1.415000000000000568e+01 1.059482367186317608e+00 0.000000000000000000e+00 9.991589097931173891e-01 9.985798567703061401e-01
-1.394999999999998863e+01 1.029211442409565747e+00 0.000000000000000000e+00 9.990690736644494141e-01 9.984424267769538286e-01
-1.375000000000000000e+01 1.392462539730588977e+00 0.000000000000000000e+00 9.989696422153889754e-01 9.982916974186657466e-01
-1.355000000000001137e+01 1.331920690177085032e+00 0.000000000000000000e+00 9.988595905779369399e-01 9.981263816903028774e-01
-1.334999999999999432e+01 8.475858937490541312e-01 0.000000000000000000e+00 9.987377844188158882e-01 9.979450680407619956e-01
-1.315000000000000568e+01 9.989405176328137737e-01 0.000000000000000000e+00 9.986029682475776603e-01 9.977462083204234888e-01
-1.294999999999998863e+01 1.392462539730588977e+00 0.000000000000000000e+00 9.984537524759079519e-01 9.975281045622494958e-01
-1.275000000000000000e+01 1.029211442409565747e+00 0.000000000000000000e+00 9.982885990947484300e-01 9.972888944836640901e-01
-1.255000000000001137e+01 9.686695928560618007e-01 0.000000000000000000e+00 9.981058058216030204e-01 9.970265355854226463e-01
-1.234999999999999432e+01 1.059482367186317608e+00 0.000000000000000000e+00 9.979034885546320677e-01 9.967387877116981043e-01
-1.215000000000000568e+01 8.778568185258061041e-01 0.000000000000000000e+00 9.976795619526829251e-01 9.964231939224728052e-01
-1.194999999999998863e+01 1.089753291963069692e+00 0.000000000000000000e+00 9.974317179410906453e-01 9.960770595149150974e-01
-1.175000000000000000e+01 1.089753291963069692e+00 0.000000000000000000e+00 9.971574019217008811e-01 9.956974290146148876e-01
-1.155000000000001137e+01 1.331920690177085032e+00 0.000000000000000000e+00 9.968537864419061423e-01 9.952810609402152897e-01
-1.134999999999999432e+01 1.059482367186317608e+00 0.000000000000000000e+00 9.965177420512939532e-01 9.948244001259705094e-01
-1.115000000000000568e+01 9.989405176328137737e-01 0.000000000000000000e+00 9.961458050455185287e-01 9.943235473659040036e-01
-1.094999999999998863e+01 1.271378840623581086e+00 0.000000000000000000e+00 9.957341417649229198e-01 9.937742261203724725e-01
-1.075000000000000000e+01 8.475858937490541312e-01 0.000000000000000000e+00 9.952785090799270984e-01 9.931717460007618570e-01
-1.055000000000001137e+01 1.180566066293325278e+00 0.000000000000000000e+00 9.947742106558944419e-01 9.925109627205250806e-01
-1.034999999999999432e+01 1.059482367186317608e+00 0.000000000000000000e+00 9.942160485466854380e-01 9.917862341706059626e-01
-1.015000000000000568e+01 5.448766459815348462e-01 0.000000000000000000e+00 9.935982696179602724e-01 9.909913722441971995e-01
-9.949999999999988631e+00 8.173149689723021583e-01 0.000000000000000000e+00 9.929145062480002615e-01 9.901195899994862382e-01
-9.750000000000000000e+00 1.362191614953836893e+00 0.000000000000000000e+00 9.921577106948339386e-01 9.891634437092410304e-01
-9.550000000000011369e+00 1.120024216739821554e+00 0.000000000000000000e+00 9.913200824531720468e-01 9.881147693024195933e-01
-9.349999999999994316e+00 9.989405176328137737e-01 0.000000000000000000e+00 9.903929878523988206e-01 9.869646126551133714e-01
-9.150000000000005684e+00 9.686695928560618007e-01 0.000000000000000000e+00 9.893668710668935828e-01 9.857031531356122978e-01
-8.949999999999988631e+00 1.089753291963069692e+00 0.000000000000000000e+00 9.882311556214385950e-01 9.843196197507750878e-01
-8.750000000000000000e+00 1.180566066293325278e+00 0.000000000000000000e+00 9.869741353765066894e-01 9.828021991777269317e-01
-8.550000000000011369e+00 1.150295141516573416e+00 0.000000000000000000e+00 9.855828538697768426e-01 9.811379348956034141e-01
-8.349999999999994316e+00 9.686695928560618007e-01 0.000000000000000000e+00 9.840429707702222917e-01 9.793126165560813723e-01
-8.150000000000005684e+00 1.059482367186317608e+00 0.000000000000000000e+00 9.823386140682728307e-01 9.773106586480841962e-01
-7.949999999999988631e+00 1.271378840623581086e+00 0.000000000000000000e+00 9.804522164785330895e-01 9.751149674206335272e-01
-7.750000000000000000e+00 9.989405176328137737e-01 0.000000000000000000e+00 9.783643343688170901e-01 9.727067949275736147e-01
-7.550000000000011369e+00 1.241107915846829224e+00 0.000000000000000000e+00 9.760534473491436769e-01 9.700655789479185609e-01
-7.349999999999994316e+00 8.778568185258061041e-01 0.000000000000000000e+00 9.734957364550058667e-01 9.671687674149861413e-01
-7.150000000000005684e+00 8.173149689723021583e-01 0.000000000000000000e+00 9.706648386385848815e-01 9.639916258552021500e-01
-6.949999999999988631e+00 9.081277433025579660e-01 0.000000000000000000e+00 9.675315750373750801e-01 9.605070261923821517e-01
-6.750000000000000000e+00 1.059482367186317608e+00 0.000000000000000000e+00 9.640636502194193103e-01 9.566852151142041238e-01
-6.550000000000011369e+00 7.265021946420463506e-01 0.000000000000000000e+00 9.602253193051766278e-01 9.524935600230522992e-01
-6.349999999999994316e+00 1.150295141516573416e+00 0.000000000000000000e+00 9.559770195349646116e-01 9.478962704020387209e-01
-6.150000000000005684e+00 9.989405176328137737e-01 0.000000000000000000e+00 9.512749624844357710e-01 9.428540922170810523e-01
-5.949999999999988631e+00 1.331920690177085032e+00 0.000000000000000000e+00 9.460706827249283357e-01 9.373239727456726955e-01
-5.750000000000000000e+00 8.778568185258061041e-01 0.000000000000000000e+00 9.403105382766246967e-01 9.312586929704999017e-01
-5.550000000000011369e+00 9.081277433025579660e-01 0.000000000000000000e+00 9.339351577055253761e-01 9.246064643990699050e-01
-5.349999999999994316e+00 9.989405176328137737e-01 0.000000000000000000e+00 9.268788281653304040e-01 9.173104868668056078e-01
-5.150000000000005684e+00 1.029211442409565747e+00 0.000000000000000000e+00 9.190688180765947957e-01 9.093084635478975164e-01
-4.949999999999988631e+00 7.870440441955502964e-01 0.000000000000000000e+00 9.104246274618117418e-01 9.005320690328099120e-01
-4.750000000000000000e+00 7.567731194187983235e-01 0.000000000000000000e+00 9.008571582094412333e-01 8.909063659306414307e-01
-4.550000000000011369e+00 9.383986680793099389e-01 0.000000000000000000e+00 8.902677957145275212e-01 8.803491650149548597e-01
-4.349999999999994316e+00 6.054184955350386810e-01 0.000000000000000000e+00 8.785473924301462345e-01 8.687703234497003990e-01
-4.150000000000005684e+00 8.173149689723021583e-01 0.000000000000000000e+00 8.655751428528485336e-01 8.560709751031115866e-01
-3.949999999999988631e+00 8.173149689723021583e-01 0.000000000000000000e+00 8.512173383462408038e-01 8.421426863775800520e-01
-3.750000000000000000e+00 8.173149689723021583e-01 0.000000000000000000e+00 8.353259889683598560e-01 8.268665303475875028e-01
-3.550000000000011369e+00 6.659603450885425158e-01 0.000000000000000000e+00 8.177372980975732286e-01 8.101120713001571660e-01
-3.349999999999994316e+00 7.567731194187983235e-01 0.000000000000000000e+00 7.982699741345913313e-01 7.917362510073472359e-01
-3.150000000000005684e+00 7.567731194187983235e-01 0.000000000000000000e+00 7.767233618788133009e-01 7.715821672211964355e-01
-2.949999999999988631e+00 8.475858937490541312e-01 0.000000000000000000e+00 7.528753743185412350e-01 7.494777339612435085e-01
-2.750000000000000000e+00 5.448766459815348462e-01 0.000000000000000000e+00 7.264802035175161876e-01 7.252342121555374055e-01
-2.550000000000011369e+00 6.356894203117905429e-01 0.000000000000000000e+00 6.972657870031426786e-01 6.986445980889028906e-01
-2.349999999999994316e+00 7.265021946420463506e-01 0.000000000000000000e+00 6.649310035418501963e-01 6.694818558982753576e-01
-2.150000000000005684e+00 6.356894203117905429e-01 0.000000000000000000e+00 6.291425693996045565e-01 6.374969790232247746e-01
-1.949999999999988631e+00 6.659603450885425158e-01 0.000000000000000000e+00 5.895316032473709722e-01 6.024168640609472991e-01
-1.750000000000000000e+00 6.356894203117905429e-01 0.000000000000000000e+00 5.456898317201475113e-01 5.639419790088727735e-01
-1.550000000000011369e+00 4.540638716512789830e-01 0.000000000000000000e+00 4.971656291959647422e-01 5.217438132414324858e-01
-1.349999999999994316e+00 3.935220220977751482e-01 0.000000000000000000e+00 4.434644658342388190e-01 4.754623322596529533e-01
-1.150000000000005684e+00 3.935220220977751482e-01 0.000000000000000000e+00 3.841104493634894812e-01 4.247086245905351554e-01
-9.499999999999886313e-01 3.935220220977751482e-01 0.000000000000000000e+00 3.191828929235793755e-01 3.691412280777784938e-01
-7.500000000000000000e-01 2.421673982140154502e-01 0.000000000000000000e+00 2.519433961832895363e-01 3.091493569396109864e-01
-5.500000000000113687e-01 1.816255486605115876e-01 0.000000000000000000e+00 1.956941319810667768e-01 2.493528491585628171e-01
-3.499999999999943157e-01 3.027092477675193405e-01 0.000000000000000000e+00 1.795708209783899445e-01 2.079963594232457913e-01
-1.500000000000056843e-01 4.843347964280309004e-01 0.000000000000000000e+00 2.356609496988489871e-01 2.240950004473958312e-01
5.000000000001136868e-02 3.027092477675193405e-01 0.000000000000000000e+00 3.673099577310082187e-01 3.347130895652540294e-01
2.500000000000000000e-01 4.540638716512789830e-01 0.000000000000000000e+00 5.389120613582889519e-01 5.251420388986318688e-01
4.499999999999886313e-01 6.054184955350386810e-01 0.000000000000000000e+00 7.059064271057902129e-01 7.240653470587427032e-01
6.500000000000056843e-01 9.686695928560618007e-01 0.000000000000000000e+00 8.441414461355551957e-01 8.678371863725208302e-01
8.499999999999943157e-01 9.081277433025579660e-01 0.000000000000000000e+00 9.502127740130477118e-01 9.455097971859909300e-01
1.050000000000011369e+00 1.029211442409565747e+00 0.000000000000000000e+00 1.029165301077456185e+00 9.794849815849308028e-01
1.250000000000000000e+00 1.150295141516573416e+00 0.000000000000000000e+00 1.086990040593907692e+00 9.925792986968398068e-01
1.449999999999988631e+00 1.180566066293325278e+00 0.000000000000000000e+00 1.128644204380723659e+00 9.973478580921111281e-01
1.650000000000005684e+00 1.210836991070077362e+00 0.000000000000000000e+00 1.157974612394181202e+00 9.990543780398279949e-01
1.849999999999994316e+00 9.989405176328137737e-01 0.000000000000000000e+00 1.177939360309050443e+00 9.996629408008915751e-01
2.050000000000011369e+00 9.686695928560618007e-01 0.000000000000000000e+00 1.190810319160106046e+00 9.998798610490576833e-01
2.250000000000000000e+00 1.180566066293325278e+00 0.000000000000000000e+00 1.198331240548189180e+00 9.999571785968995874e-01
2.449999999999988631e+00 1.392462539730588977e+00 0.000000000000000000e+00 1.201839554294501511e+00 9.999847370693570880e-01
2.650000000000005684e+00 1.392462539730588977e+00 0.000000000000000000e+00 1.202360121077251875e+00 9.999945597987294210e-01
2.849999999999994316e+00 1.362191614953836893e+00 0.000000000000000000e+00 1.200677393695855910e+00 9.999980609366211359e-01
3.050000000000011369e+00 1.029211442409565747e+00 0.000000000000000000e+00 1.197390957653469146e+00 9.999993088552058262e-01
3.250000000000000000e+00 1.029211442409565747e+00 0.000000000000000000e+00 1.192958277531088962e+00 9.999997536536805454e-01
3.449999999999988631e+00 9.989405176328137737e-01 0.000000000000000000e+00 1.187727594758516414e+00 9.999999121942180214e-01
3.650000000000005684e+00 1.241107915846829224e+00 0.000000000000000000e+00 1.181963244294723436e+00 9.999999687031843054e-01
3.849999999999994316e+00 1.210836991070077362e+00 0.000000000000000000e+00 1.175865135734430300e+00 9.999999888448044549e-01
4.050000000000011369e+00 1.483275314060844785e+00 0.000000000000000000e+00 1.169583742525610592e+00 9.999999960239280838e-01
4.250000000000000000e+00 1.210836991070077362e+00 0.000000000000000000e+00 1.163231633652631380e+00 9.999999985827996429e-01
4.449999999999988631e+00 1.089753291963069692e+00 0.000000000000000000e+00 1.156892344017800944e+00 9.999999994948640669e-01
4.650000000000005684e+00 1.271378840623581086e+00 0.000000000000000000e+00 1.150627196448308576e+00 9.999999998199532447e-01
4.849999999999994316e+00 1.483275314060844785e+00 0.000000000000000000e+00 1.144480547147120220e+00 9.999999999358255565e-01
5.050000000000011369e+00 1.059482367186317608e+00 0.000000000000000000e+00 1.138483817781592133e+00 9.999999999771261860e-01
5.250000000000000000e+00 7.870440441955502964e-01 0.000000000000000000e+00 1.132658593784689138e+00 9.999999999918469662e-01
5.449999999999988631e+00 1.029211442409565747e+00 0.000000000000000000e+00 1.127019004074247155e+00 9.999999999970939912e-01
5.650000000000005684e+00 1.120024216739821554e+00 0.000000000000000000e+00 1.121573547844666674e+00 9.999999999989641619e-01
5.849999999999994316e+00 8.475858937490541312e-01 0.000000000000000000e+00 1.116326495941387220e+00 9.999999999996308508e-01
6.050000000000011369e+00 1.150295141516573416e+00 0.000000000000000000e+00 1.111278964965674465e+00 9.999999999998684386e-01
6.250000000000000000e+00 1.180566066293325278e+00 0.000000000000000000e+00 1.106429739654186895e+00 9.999999999999531486e-01
6.449999999999988631e+00 1.453004389284092701e+00 0.000000000000000000e+00 1.101775901678301750e+00 9.999999999999832356e-01
6.650000000000005684e+00 1.029211442409565747e+00 0.000000000000000000e+00 1.097313309614514898e+00 9.999999999999940048e-01
6.849999999999994316e+00 1.180566066293325278e+00 0.000000000000000000e+00 1.093036964527101862e+00 9.999999999999978906e-01
7.050000000000011369e+00 9.081277433025579660e-01 0.000000000000000000e+00 1.088941287667875457e+00 9.999999999999992228e-01
7.250000000000000000e+00 1.029211442409565747e+00 0.000000000000000000e+00 1.085020330688847290e+00 9.999999999999997780e-01
7.449999999999988631e+00 1.059482367186317608e+00 0.000000000000000000e+00 1.081267934061142855e+00 9.999999999999998890e-01
7.650000000000005684e+00 1.089753291963069692e+00 0.000000000000000000e+00 1.077677845773954646e+00 1.000000000000000000e+00
7.849999999999994316e+00 1.120024216739821554e+00 0.000000000000000000e+00 1.074243809601238109e+00 1.000000000000000000e+00
8.050000000000011369e+00 9.989405176328137737e-01 0.000000000000000000e+00 1.070959630079434399e+00 1.000000000000000000e+00
8.250000000000000000e+00 6.962312698652944887e-01 0.000000000000000000e+00 1.067819219689037702e+00 1.000000000000000000e+00
8.449999999999988631e+00 1.150295141516573416e+00 0.000000000000000000e+00 1.064816632462514123e+00 1.000000000000000000e+00
8.650000000000005684e+00 1.089753291963069692e+00 0.000000000000000000e+00 1.061946087263506922e+00 1.000000000000000000e+00
8.849999999999994316e+00 8.475858937490541312e-01 0.000000000000000000e+00 1.059201983229932642e+00 1.000000000000000000e+00
9.050000000000011369e+00 1.422733464507340839e+00 0.000000000000000000e+00 1.056578909294682900e+00 1.000000000000000000e+00
9.250000000000000000e+00 1.059482367186317608e+00 0.000000000000000000e+00 1.054071649252248388e+00 1.000000000000000000e+00
9.449999999999988631e+00 7.870440441955502964e-01 0.000000000000000000e+00 1.051675183496905364e+00 1.000000000000000000e+00
9.650000000000005684e+00 9.383986680793099389e-01 0.000000000000000000e+00 1.049384688294553669e+00 1.000000000000000000e+00
9.849999999999994316e+00 1.089753291963069692e+00 0.000000000000000000e+00 1.047195533247577304e+00 1.000000000000000000e+00
1.005000000000001137e+01 1.120024216739821554e+00 0.000000000000000000e+00 1.045103277456252977e+00 1.000000000000000000e+00
1.025000000000000000e+01 9.383986680793099389e-01 0.000000000000000000e+00 1.043103664760443250e+00 1.000000000000000000e+00
1.044999999999998863e+01 9.383986680793099389e-01 0.000000000000000000e+00 1.041192618353255828e+00 1.000000000000000000e+00
1.065000000000000568e+01 1.029211442409565747e+00 0.000000000000000000e+00 1.039366234987668891e+00 1.000000000000000000e+00
1.084999999999999432e+01 1.210836991070077362e+00 0.000000000000000000e+00 1.037620778942849986e+00 1.000000000000000000e+00
1.105000000000001137e+01 1.029211442409565747e+00 0.000000000000000000e+00 1.035952675875283280e+00 1.000000000000000000e+00
1.125000000000000000e+01 1.089753291963069692e+00 0.000000000000000000e+00 1.034358506647925946e+00 1.000000000000000000e+00
1.144999999999998863e+01 9.989405176328137737e-01 0.000000000000000000e+00 1.032835001206184211e+00 1.000000000000000000e+00
1.165000000000000568e+01 1.029211442409565747e+00 0.000000000000000000e+00 1.031379032550857389e+00 1.000000000000000000e+00
1.184999999999999432e+01 9.686695928560618007e-01 0.000000000000000000e+00 1.029987610843935864e+00 1.000000000000000000e+00
1.205000000000001137e+01 1.120024216739821554e+00 0.000000000000000000e+00 1.028657877672301435e+00 1.000000000000000000e+00
1.225000000000000000e+01 8.173149689723021583e-01 0.000000000000000000e+00 1.027387100486154115e+00 1.000000000000000000e+00
1.244999999999998863e+01 1.150295141516573416e+00 0.000000000000000000e+00 1.026172667222742252e+00 1.000000000000000000e+00
1.265000000000000568e+01 9.686695928560618007e-01 0.000000000000000000e+00 1.025012081121305263e+00 1.000000000000000000e+00
1.284999999999999432e+01 8.778568185258061041e-01 0.000000000000000000e+00 1.023902955731603059e+00 1.000000000000000000e+00
1.305000000000001137e+01 1.453004389284092701e+00 0.000000000000000000e+00 1.022843010115820572e+00 1.000000000000000000e+00
1.325000000000000000e+01 1.089753291963069692e+00 0.000000000000000000e+00 1.021830064241708413e+00 1.000000000000000000e+00
1.344999999999998863e+01 1.180566066293325278e+00 0.000000000000000000e+00 1.020862034563433385e+00 1.000000000000000000e+00
1.365000000000000568e+01 1.029211442409565747e+00 0.000000000000000000e+00 1.019936929785637547e+00 1.000000000000000000e+00
1.384999999999999432e+01 1.029211442409565747e+00 0.000000000000000000e+00 1.019052846805509782e+00 1.000000000000000000e+00
1.405000000000001137e+01 7.870440441955502964e-01 0.000000000000000000e+00 1.018207966827244126e+00 1.000000000000000000e+00
1.425000000000000000e+01 1.059482367186317608e+00 0.000000000000000000e+00 1.017400551642978490e+00 1.000000000000000000e+00
1.444999999999998863e+01 1.089753291963069692e+00 0.000000000000000000e+00 1.016628940074170817e+00 1.000000000000000000e+00
1.465000000000000568e+01 1.120024216739821554e+00 0.000000000000000000e+00 1.015891544567329774e+00 1.000000000000000000e+00
1.484999999999999432e+01 8.778568185258061041e-01 0.000000000000000000e+00 1.015186847938052139e+00 1.000000000000000000e+00
1.505000000000001137e+01 1.089753291963069692e+00 0.000000000000000000e+00 1.014513400257396780e+00 1.000000000000000000e+00
1.525000000000000000e+01 1.029211442409565747e+00 0.000000000000000000e+00 1.013869815874757219e+00 1.000000000000000000e+00
1.544999999999998863e+01 1.089753291963069692e+00 0.000000000000000000e+00 1.013254770571540675e+00 1.000000000000000000e+00
1.565000000000000568e+01 1.120024216739821554e+00 0.000000000000000000e+00 1.012666998840134447e+00 1.000000000000000000e+00
1.584999999999999432e+01 8.778568185258061041e-01 0.000000000000000000e+00 1.012105291282814123e+00 1.000000000000000000e+00
1.605000000000001137e+01 1.180566066293325278e+00 0.000000000000000000e+00 1.011568492125443530e+00 1.000000000000000000e+00
1.625000000000000000e+01 1.210836991070077362e+00 0.000000000000000000e+00 1.011055496841002821e+00 1.000000000000000000e+00
1.644999999999998863e+01 1.120024216739821554e+00 0.000000000000000000e+00 1.010565249878171423e+00 1.000000000000000000e+00
1.665000000000000568e+01 8.475858937490541312e-01 0.000000000000000000e+00 1.010096742490382171e+00 1.000000000000000000e+00
1.684999999999999432e+01 9.989405176328137737e-01 0.000000000000000000e+00 1.009649010660952584e+00 1.000000000000000000e+00
1.705000000000001137e+01 9.383986680793099389e-01 0.000000000000000000e+00 1.009221133120072444e+00 1.000000000000000000e+00
1.725000000000000000e+01 8.173149689723021583e-01 0.000000000000000000e+00 1.008812229449612907e+00 1.000000000000000000e+00
1.744999999999998863e+01 1.089753291963069692e+00 0.000000000000000000e+00 1.008421458271888005e+00 1.000000000000000000e+00
1.765000000000000568e+01 9.686695928560618007e-01 0.000000000000000000e+00 1.008048015518665075e+00 1.000000000000000000e+00
1.784999999999999432e+01 9.686695928560618007e-01 0.000000000000000000e+00 1.007691132776883602e+00 1.000000000000000000e+00
1.805000000000001137e+01 1.301649765400333170e+00 0.000000000000000000e+00 1.007350075707688752e+00 1.000000000000000000e+00
1.825000000000000000e+01 7.567731194187983235e-01 0.000000000000000000e+00 1.007024142535543287e+00 1.000000000000000000e+00
1.844999999999998863e+01 1.210836991070077362e+00 0.000000000000000000e+00 1.006712662604312802e+00 1.000000000000000000e+00
1.865000000000000568e+01 1.029211442409565747e+00 0.000000000000000000e+00 1.006414994997363088e+00 1.000000000000000000e+00
1.884999999999999432e+01 1.331920690177085032e+00 0.000000000000000000e+00 1.006130527218833226e+00 1.000000000000000000e+00
1.905000000000001137e+01 8.778568185258061041e-01 0.000000000000000000e+00 1.005858673933375247e+00 1.000000000000000000e+00
1.925000000000000000e+01 1.180566066293325278e+00 0.000000000000000000e+00 1.005598875761772426e+00 1.000000000000000000e+00
1.944999999999998863e+01 8.475858937490541312e-01 0.000000000000000000e+00 1.005350598129955308e+00 1.000000000000000000e+00
1.965000000000000568e+01 9.383986680793099389e-01 0.000000000000000000e+00 1.005113330169055796e+00 1.000000000000000000e+00
1.984999999999999432e+01 1.059482367186317608e+00 0.000000000000000000e+00 1.004886583664231336e+00 1.000000000000000000e+00
