-1.994999999999998863e+01 1.265822784810126445e+00 9.974050621959299479e-01 0.000000000000000000e+00 0.000000000000000000e+00
-1.975000000000000000e+01 1.213080168776371259e+00 9.972421319976826348e-01 0.000000000000000000e+00 0.000000000000000000e+00
-1.954999999999998295e+01 7.911392405063291111e-01 9.970689717856525691e-01 0.000000000000000000e+00 0.000000000000000000e+00
-1.934999999999999432e+01 1.318565400843881852e+00 9.968849392407171939e-01 0.000000000000000000e+00 0.000000000000000000e+00
-1.914999999999997726e+01 6.329113924050632223e-01 9.966893517140079650e-01 0.000000000000000000e+00 0.000000000000000000e+00
-1.894999999999998863e+01 1.160337552742616074e+00 9.964814836946982446e-01 0.000000000000000000e+00 0.000000000000000000e+00
-1.875000000000000000e+01 1.054852320675105481e+00 9.962605641187993744e-01 0.000000000000000000e+00 0.000000000000000000e+00
-1.854999999999998295e+01 1.529535864978902815e+00 9.960257735089814712e-01 0.000000000000000000e+00 0.000000000000000000e+00
-1.834999999999999432e+01 1.265822784810126445e+00 9.957762409348112076e-01 0.000000000000000000e+00 0.000000000000000000e+00
-1.814999999999997726e+01 7.911392405063291111e-01 9.955110407821290419e-01 0.000000000000000000e+00 0.000000000000000000e+00
-1.794999999999998863e+01 1.054852320675105481e+00 9.952291893195834849e-01 0.000000000000000000e+00 0.000000000000000000e+00
-1.775000000000000000e+01 3.691983122362869074e-01 9.949296410495859222e-01 0.000000000000000000e+00 0.000000000000000000e+00
-1.754999999999998295e+01 8.966244725738395926e-01 9.946112848301496001e-01 0.000000000000000000e+00 0.000000000000000000e+00
-1.734999999999999432e+01 7.911392405063291111e-01 9.942729397532290569e-01 0.000000000000000000e+00 0.000000000000000000e+00
-1.714999999999997726e+01 7.911392405063291111e-01 9.939133507642686771e-01 0.000000000000000000e+00 0.000000000000000000e+00
-1.694999999999998863e+01 1.213080168776371259e+00 9.935311840067132527e-01 0.000000000000000000e+00 0.000000000000000000e+00
-1.675000000000000000e+01 1.318565400843881852e+00 9.931250218742111446e-01 0.000000000000000000e+00 0.000000000000000000e+00
-1.654999999999998295e+01 8.438818565400842964e-01 9.926933577521562801e-01 0.000000000000000000e+00 0.000000000000000000e+00
-1.634999999999999432e+01 1.160337552742616074e+00 9.922345904290643670e-01 0.000000000000000000e+00 0.000000000000000000e+00
-1.614999999999997726e+01 1.054852320675105481e+00 9.917470181570507970e-01 0.000000000000000000e+00 0.000000000000000000e+00
-1.594999999999998863e+01 1.318565400843881852e+00 9.912288323393814160e-01 0.000000000000000000e+00 0.000000000000000000e+00
-1.575000000000000000e+01 7.383966244725738148e-01 9.906781108216774490e-01 0.000000000000000000e+00 0.000000000000000000e+00
-1.554999999999998295e+01 8.966244725738395926e-01 9.900928107618912621e-01 0.000000000000000000e+00 0.000000000000000000e+00
-1.534999999999999432e+01 6.329113924050632223e-01 9.894707610526046748e-01 0.000000000000000000e+00 0.000000000000000000e+00
-1.514999999999997726e+01 1.213080168776371259e+00 9.888096542675396394e-01 0.000000000000000000e+00 0.000000000000000000e+00
-1.494999999999998863e+01 1.002109704641350074e+00 9.881070381024099625e-01 0.000000000000000000e+00 0.000000000000000000e+00
-1.475000000000000000e+01 8.438818565400842964e-01 9.873603062783629092e-01 0.000000000000000000e+00 0.000000000000000000e+00
-1.454999999999998295e+01 1.054852320675105481e+00 9.865666888742687934e-01 0.000000000000000000e+00 0.000000000000000000e+00
-1.434999999999999432e+01 8.438818565400842964e-01 9.857232420519980165e-01 0.000000000000000000e+00 0.000000000000000000e+00
-1.414999999999997726e+01 1.107594936708860667e+00 9.848268371365705987e-01 0.000000000000000000e+00 0.000000000000000000e+00
-1.394999999999998863e+01 1.160337552742616074e+00 9.838741490106741594e-01 0.000000000000000000e+00 0.000000000000000000e+00
-1.375000000000000000e+01 1.265822784810126445e+00 9.828616437805001160e-01 0.000000000000000000e+00 0.000000000000000000e+00
-1.354999999999998295e+01 1.002109704641350074e+00 9.817855656671454767e-01 0.000000000000000000e+00 0.000000000000000000e+00
-1.334999999999999432e+01 1.002109704641350074e+00 9.806419230749570115e-01 0.000000000000000000e+00 0.000000000000000000e+00
-1.314999999999997726e+01 1.318565400843881852e+00 9.794264737851370306e-01 0.000000000000000000e+00 0.000000000000000000e+00
-1.294999999999998863e+01 1.054852320675105481e+00 9.781347092196910342e-01 0.000000000000000000e+00 0.000000000000000000e+00
-1.275000000000000000e+01 1.160337552742616074e+00 9.767618377173441502e-01 0.000000000000000000e+00 0.000000000000000000e+00
-1.254999999999998295e+01 8.966244725738395926e-01 9.753027667593896499e-01 0.000000000000000000e+00 0.000000000000000000e+00
-1.234999999999999432e+01 8.438818565400842964e-01 9.737520840795423904e-01 0.000000000000000000e+00 0.000000000000000000e+00
-1.214999999999997726e+01 9.493670886075948889e-01 9.721040375877183504e-01 0.000000000000000000e+00 0.000000000000000000e+00
-1.194999999999998863e+01 1.265822784810126445e+00 9.703525140332796006e-01 0.000000000000000000e+00 0.000000000000000000e+00
-1.175000000000000000e+01 7.383966244725738148e-01 9.684910163285886942e-01 0.000000000000000000e+00 0.000000000000000000e+00
-1.154999999999998295e+01 1.107594936708860667e+00 9.665126394487641992e-01 0.000000000000000000e+00 0.000000000000000000e+00
-1.134999999999999432e+01 1.265822784810126445e+00 9.644100448182362229e-01 0.000000000000000000e+00 0.000000000000000000e+00
-1.114999999999997726e+01 1.424050632911392444e+00 9.621754330890907037e-01 0.000000000000000000e+00 0.000000000000000000e+00
-1.094999999999998863e+01 1.002109704641350074e+00 9.598005152102319082e-01 0.000000000000000000e+00 0.000000000000000000e+00
-1.075000000000000000e+01 8.966244725738395926e-01 9.572764816800396481e-01 0.000000000000000000e+00 0.000000000000000000e+00
-1.054999999999998295e+01 8.438818565400842964e-01 9.545939698684746677e-01 0.000000000000000000e+00 0.000000000000000000e+00
-1.034999999999999432e+01 1.318565400843881852e+00 9.517430292874137221e-01 0.000000000000000000e+00 0.000000000000000000e+00
-1.014999999999997726e+01 8.966244725738395926e-01 9.487130846803850659e-01 0.000000000000000000e+00 0.000000000000000000e+00
-9.949999999999988631e+00 1.424050632911392444e+00 9.454928967947983098e-01 0.000000000000000000e+00 0.000000000000000000e+00
-9.750000000000000000e+00 8.966244725738395926e-01 9.420705206911474949e-01 0.000000000000000000e+00 0.000000000000000000e+00
-9.549999999999982947e+00 1.002109704641350074e+00 9.384332614345471946e-01 0.000000000000000000e+00 0.000000000000000000e+00
-9.349999999999994316e+00 6.329113924050632223e-01 9.345676270042438949e-01 0.000000000000000000e+00 0.000000000000000000e+00
-9.149999999999977263e+00 7.383966244725738148e-01 9.304592782464161660e-01 0.000000000000000000e+00 0.000000000000000000e+00
-8.949999999999988631e+00 6.856540084388185186e-01 9.260929756846357774e-01 0.000000000000000000e+00 0.000000000000000000e+00
-8.750000000000000000e+00 7.911392405063291111e-01 9.214525229906700421e-01 0.000000000000000000e+00 0.000000000000000000e+00
-8.549999999999982947e+00 6.329113924050632223e-01 9.165207069059513323e-01 0.000000000000000000e+00 0.000000000000000000e+00
-8.349999999999994316e+00 6.329113924050632223e-01 9.112792333908540376e-01 0.000000000000000000e+00 0.000000000000000000e+00
-8.149999999999977263e+00 8.966244725738395926e-01 9.057086597649235404e-01 0.000000000000000000e+00 0.000000000000000000e+00
-7.949999999999988631e+00 6.856540084388185186e-01 8.997883225863566592e-01 0.000000000000000000e+00 0.000000000000000000e+00
-7.750000000000000000e+00 6.856540084388185186e-01 8.934962610031886854e-01 0.000000000000000000e+00 0.000000000000000000e+00
-7.549999999999982947e+00 9.493670886075948889e-01 8.868091352918845427e-01 0.000000000000000000e+00 0.000000000000000000e+00
-7.349999999999994316e+00 1.160337552742616074e+00 8.797021402811560087e-01 0.000000000000000000e+00 0.000000000000000000e+00
-7.149999999999977263e+00 7.911392405063291111e-01 8.721489133398482307e-01 0.000000000000000000e+00 0.000000000000000000e+00
-6.949999999999988631e+00 8.966244725738395926e-01 8.641214365876119796e-01 0.000000000000000000e+00 0.000000000000000000e+00
-6.750000000000000000e+00 5.274261603375527407e-01 8.555899329655924923e-01 0.000000000000000000e+00 0.000000000000000000e+00
-6.549999999999982947e+00 1.213080168776371259e+00 8.465227557816454862e-01 0.000000000000000000e+00 0.000000000000000000e+00
-6.349999999999994316e+00 8.966244725738395926e-01 8.368862713203513159e-01 0.000000000000000000e+00 0.000000000000000000e+00
-6.149999999999977263e+00 7.911392405063291111e-01 8.266447340823674939e-01 0.000000000000000000e+00 0.000000000000000000e+00
-5.949999999999988631e+00 6.856540084388185186e-01 8.157601541903667375e-01 0.000000000000000000e+00 0.000000000000000000e+00
-5.750000000000000000e+00 7.383966244725738148e-01 8.041921564696763447e-01 0.000000000000000000e+00 0.000000000000000000e+00
-5.549999999999982947e+00 1.107594936708860667e+00 7.918978306809278944e-01 0.000000000000000000e+00 0.000000000000000000e+00
-5.349999999999994316e+00 6.856540084388185186e-01 7.788315723491601172e-01 0.000000000000000000e+00 0.000000000000000000e+00
-5.149999999999977263e+00 8.438818565400842964e-01 7.649449135989268012e-01 0.000000000000000000e+00 0.000000000000000000e+00
-4.949999999999988631e+00 3.164556962025316111e-01 7.501863433679583082e-01 0.000000000000000000e+00 0.000000000000000000e+00
-4.750000000000000000e+00 4.746835443037974445e-01 7.345011163324193237e-01 0.000000000000000000e+00 0.000000000000000000e+00
-4.549999999999982947e+00 7.383966244725738148e-01 7.178310498350434221e-01 0.000000000000000000e+00 0.000000000000000000e+00
-4.349999999999994316e+00 4.219409282700421482e-01 7.001143080628509097e-01 0.000000000000000000e+00 0.000000000000000000e+00
-4.149999999999977263e+00 8.438818565400842964e-01 6.812851726738562430e-01 0.000000000000000000e+00 0.000000000000000000e+00
-3.949999999999988631e+00 6.329113924050632223e-01 6.612737990219885731e-01 0.000000000000000000e+00 0.000000000000000000e+00
-3.750000000000000000e+00 1.213080168776371259e+00 6.400059570758960259e-01 0.000000000000000000e+00 0.000000000000000000e+00
-3.549999999999982947e+00 7.383966244725738148e-01 6.174027560706603079e-01 0.000000000000000000e+00 0.000000000000000000e+00
-3.349999999999994316e+00 4.219409282700421482e-01 5.933803518710276670e-01 0.000000000000000000e+00 0.000000000000000000e+00
-3.149999999999977263e+00 5.274261603375527407e-01 5.678496359606117760e-01 0.000000000000000000e+00 0.000000000000000000e+00
-2.949999999999988631e+00 4.219409282700421482e-01 5.407159049034955256e-01 0.000000000000000000e+00 0.000000000000000000e+00
-2.750000000000000000e+00 4.746835443037974445e-01 5.118785090520345804e-01 0.000000000000000000e+00 0.000000000000000000e+00
-2.549999999999982947e+00 4.219409282700421482e-01 4.812304791989314712e-01 0.000000000000000000e+00 0.000000000000000000e+00
-2.349999999999994316e+00 6.856540084388185186e-01 4.486581299009866353e-01 0.000000000000000000e+00 0.000000000000000000e+00
-2.149999999999977263e+00 3.164556962025316111e-01 4.140406456101173305e-01 0.000000000000000000e+00 0.000000000000000000e+00
-1.949999999999988631e+00 4.219409282700421482e-01 3.772499748528507224e-01 0.000000000000000000e+00 0.000000000000000000e+00
-1.750000000000000000e+00 3.691983122362869074e-01 3.381598427575731591e-01 0.000000000000000000e+00 0.000000000000000000e+00
-1.549999999999982947e+00 3.691983122362869074e-01 2.968101749698222047e-01 0.000000000000000000e+00 0.000000000000000000e+00
-1.349999999999994316e+00 4.219409282700421482e-01 2.551665765552902920e-01 0.000000000000000000e+00 0.000000000000000000e+00
-1.149999999999977263e+00 2.109704641350210741e-01 2.281578188513037064e-01 0.000000000000000000e+00 0.000000000000000000e+00
-9.499999999999886313e-01 3.164556962025316111e-01 2.800907442613983500e-01 0.000000000000000000e+00 0.000000000000000000e+00
-7.500000000000000000e-01 8.966244725738395926e-01 5.623523032795798571e-01 0.000000000000000000e+00 0.000000000000000000e+00
-5.499999999999829470e-01 1.002109704641350074e+00 1.212278688362778301e+00 0.000000000000000000e+00 0.000000000000000000e+00
-3.499999999999943157e-01 2.267932489451476741e+00 2.085322341456029349e+00 0.000000000000000000e+00 0.000000000000000000e+00
-1.499999999999772626e-01 2.637130801687763704e+00 2.746537187850536910e+00 0.000000000000000000e+00 0.000000000000000000e+00
5.000000000001136868e-02 2.637130801687763704e+00 2.914477574634586343e+00 0.000000000000000000e+00 0.000000000000000000e+00
2.500000000000000000e-01 3.006329113924050667e+00 2.705561333019729453e+00 0.000000000000000000e+00 0.000000000000000000e+00
4.500000000000170530e-01 2.267932489451476741e+00 2.376692270007572105e+00 0.000000000000000000e+00 0.000000000000000000e+00
6.500000000000056843e-01 2.162447257383965926e+00 2.073841320644533859e+00 0.000000000000000000e+00 0.000000000000000000e+00
8.500000000000227374e-01 1.951476793248944963e+00 1.831018880506324997e+00 0.000000000000000000e+00 0.000000000000000000e+00
1.050000000000011369e+00 1.687763713080168593e+00 1.642351487762047979e+00 0.000000000000000000e+00 0.000000000000000000e+00
1.250000000000000000e+00 1.582278481012658222e+00 1.496462447417847397e+00 0.000000000000000000e+00 0.000000000000000000e+00
1.450000000000017053e+00 1.740506329113924000e+00 1.383704730260908455e+00 0.000000000000000000e+00 0.000000000000000000e+00
1.650000000000005684e+00 7.383966244725738148e-01 1.296556732994901040e+00 0.000000000000000000e+00 0.000000000000000000e+00
1.850000000000022737e+00 1.213080168776371259e+00 1.229202009699204234e+00 0.000000000000000000e+00 0.000000000000000000e+00
2.050000000000011369e+00 1.054852320675105481e+00 1.177145063320758300e+00 0.000000000000000000e+00 0.000000000000000000e+00
2.250000000000000000e+00 1.265822784810126445e+00 1.136911423682816391e+00 0.000000000000000000e+00 0.000000000000000000e+00
2.450000000000017053e+00 7.911392405063291111e-01 1.105815751133372160e+00 0.000000000000000000e+00 0.000000000000000000e+00
2.650000000000005684e+00 1.002109704641350074e+00 1.081782607226846604e+00 0.000000000000000000e+00 0.000000000000000000e+00
2.850000000000022737e+00 7.383966244725738148e-01 1.063207932403090528e+00 0.000000000000000000e+00 0.000000000000000000e+00
3.050000000000011369e+00 1.476793248945147630e+00 1.048851985209910076e+00 0.000000000000000000e+00 0.000000000000000000e+00
3.250000000000000000e+00 1.371308016877637037e+00 1.037756597443022732e+00 0.000000000000000000e+00 0.000000000000000000e+00
3.450000000000017053e+00 7.383966244725738148e-01 1.029181222510179960e+00 0.000000000000000000e+00 0.000000000000000000e+00
3.650000000000005684e+00 9.493670886075948889e-01 1.022553508654314269e+00 0.000000000000000000e+00 0.000000000000000000e+00
3.850000000000022737e+00 7.383966244725738148e-01 1.017431098112588028e+00 0.000000000000000000e+00 0.000000000000000000e+00
4.050000000000011369e+00 6.329113924050632223e-01 1.013472102548113263e+00 0.000000000000000000e+00 0.000000000000000000e+00
4.250000000000000000e+00 7.383966244725738148e-01 1.010412284177082842e+00 0.000000000000000000e+00 0.000000000000000000e+00
4.450000000000017053e+00 1.002109704641350074e+00 1.008047419576650228e+00 0.000000000000000000e+00 0.000000000000000000e+00
4.650000000000005684e+00 1.318565400843881852e+00 1.006219669069846612e+00 0.000000000000000000e+00 0.000000000000000000e+00
4.850000000000022737e+00 1.054852320675105481e+00 1.004807041930639189e+00 0.000000000000000000e+00 0.000000000000000000e+00
5.050000000000011369e+00 1.107594936708860667e+00 1.003715254278551905e+00 0.000000000000000000e+00 0.000000000000000000e+00
5.250000000000000000e+00 1.002109704641350074e+00 1.002871436229070490e+00 0.000000000000000000e+00 0.000000000000000000e+00
5.450000000000017053e+00 8.966244725738395926e-01 1.002219268292137588e+00 0.000000000000000000e+00 0.000000000000000000e+00
5.650000000000005684e+00 7.911392405063291111e-01 1.001715222404253591e+00 0.000000000000000000e+00 0.000000000000000000e+00
5.850000000000022737e+00 1.213080168776371259e+00 1.001325656706976819e+00 0.000000000000000000e+00 0.000000000000000000e+00
6.050000000000011369e+00 7.911392405063291111e-01 1.001024570166757943e+00 0.000000000000000000e+00 0.000000000000000000e+00
6.250000000000000000e+00 8.438818565400842964e-01 1.000791867171255900e+00 0.000000000000000000e+00 0.000000000000000000e+00
6.450000000000017053e+00 1.107594936708860667e+00 1.000612016274978089e+00 0.000000000000000000e+00 0.000000000000000000e+00
6.650000000000005684e+00 6.856540084388185186e-01 1.000473013574036729e+00 0.000000000000000000e+00 0.000000000000000000e+00
6.850000000000022737e+00 1.002109704641350074e+00 1.000365581521881708e+00 0.000000000000000000e+00 0.000000000000000000e+00
7.050000000000011369e+00 9.493670886075948889e-01 1.000282549712053548e+00 0.000000000000000000e+00 0.000000000000000000e+00
7.250000000000000000e+00 1.424050632911392444e+00 1.000218376299137235e+00 0.000000000000000000e+00 0.000000000000000000e+00
7.450000000000017053e+00 7.911392405063291111e-01 1.000168778115816393e+00 0.000000000000000000e+00 0.000000000000000000e+00
7.650000000000005684e+00 1.213080168776371259e+00 1.000130444798684959e+00 0.000000000000000000e+00 0.000000000000000000e+00
7.850000000000022737e+00 8.438818565400842964e-01 1.000100817842536571e+00 0.000000000000000000e+00 0.000000000000000000e+00
8.050000000000011369e+00 1.054852320675105481e+00 1.000077919836407148e+00 0.000000000000000000e+00 0.000000000000000000e+00
8.250000000000000000e+00 6.856540084388185186e-01 1.000060222483966754e+00 0.000000000000000000e+00 0.000000000000000000e+00
8.450000000000017053e+00 1.160337552742616074e+00 1.000046544599454634e+00 0.000000000000000000e+00 0.000000000000000000e+00
8.650000000000005684e+00 1.054852320675105481e+00 1.000035973271039103e+00 0.000000000000000000e+00 0.000000000000000000e+00
8.850000000000022737e+00 1.002109704641350074e+00 1.000027802929758014e+00 0.000000000000000000e+00 0.000000000000000000e+00
9.050000000000011369e+00 1.002109704641350074e+00 1.000021488257275548e+00 0.000000000000000000e+00 0.000000000000000000e+00
9.250000000000000000e+00 1.371308016877637037e+00 1.000016607789350198e+00 0.000000000000000000e+00 0.000000000000000000e+00
9.450000000000017053e+00 8.966244725738395926e-01 1.000012835785776488e+00 0.000000000000000000e+00 0.000000000000000000e+00
9.650000000000005684e+00 1.213080168776371259e+00 1.000009920489297377e+00 0.000000000000000000e+00 0.000000000000000000e+00
9.850000000000022737e+00 1.265822784810126445e+00 1.000007667322407201e+00 0.000000000000000000e+00 0.000000000000000000e+00
1.005000000000001137e+01 1.054852320675105481e+00 1.000005925900541159e+00 0.000000000000000000e+00 0.000000000000000000e+00
1.025000000000000000e+01 1.424050632911392444e+00 1.000004579994861142e+00 0.000000000000000000e+00 0.000000000000000000e+00
1.045000000000001705e+01 6.329113924050632223e-01 1.000003539774720007e+00 0.000000000000000000e+00 0.000000000000000000e+00
1.065000000000000568e+01 8.438818565400842964e-01 1.000002735812036470e+00 0.000000000000000000e+00 0.000000000000000000e+00
1.085000000000002274e+01 1.265822784810126445e+00 1.000002114447412938e+00 0.000000000000000000e+00 0.000000000000000000e+00
1.105000000000001137e+01 7.383966244725738148e-01 1.000001634208711021e+00 0.000000000000000000e+00 0.000000000000000000e+00
1.125000000000000000e+01 8.438818565400842964e-01 1.000001263043050814e+00 0.000000000000000000e+00 0.000000000000000000e+00
1.145000000000001705e+01 1.107594936708860667e+00 1.000000976177484402e+00 0.000000000000000000e+00 0.000000000000000000e+00
1.165000000000000568e+01 1.371308016877637037e+00 1.000000754465558472e+00 0.000000000000000000e+00 0.000000000000000000e+00
1.185000000000002274e+01 1.107594936708860667e+00 1.000000583109412089e+00 0.000000000000000000e+00 0.000000000000000000e+00
1.205000000000001137e+01 7.383966244725738148e-01 1.000000450672111851e+00 0.000000000000000000e+00 0.000000000000000000e+00
1.225000000000000000e+01 8.966244725738395926e-01 1.000000348314309617e+00 0.000000000000000000e+00 0.000000000000000000e+00
1.245000000000001705e+01 9.493670886075948889e-01 1.000000269204273318e+00 0.000000000000000000e+00 0.000000000000000000e+00
1.265000000000000568e+01 1.265822784810126445e+00 1.000000208061910589e+00 0.000000000000000000e+00 0.000000000000000000e+00
1.285000000000002274e+01 1.002109704641350074e+00 1.000000160806357563e+00 0.000000000000000000e+00 0.000000000000000000e+00
1.305000000000001137e+01 9.493670886075948889e-01 1.000000124283606517e+00 0.000000000000000000e+00 0.000000000000000000e+00
1.325000000000000000e+01 1.371308016877637037e+00 1.000000096055996046e+00 0.000000000000000000e+00 0.000000000000000000e+00
1.345000000000001705e+01 8.438818565400842964e-01 1.000000074239512760e+00 0.000000000000000000e+00 0.000000000000000000e+00
1.365000000000000568e+01 1.213080168776371259e+00 1.000000057378044760e+00 0.000000000000000000e+00 0.000000000000000000e+00
1.385000000000002274e+01 4.219409282700421482e-01 1.000000044346196493e+00 0.000000000000000000e+00 0.000000000000000000e+00
1.405000000000001137e+01 6.856540084388185186e-01 1.000000034274175054e+00 0.000000000000000000e+00 0.000000000000000000e+00
1.425000000000000000e+01 1.371308016877637037e+00 1.000000026489736848e+00 0.000000000000000000e+00 0.000000000000000000e+00
1.445000000000001705e+01 1.107594936708860667e+00 1.000000020473320150e+00 0.000000000000000000e+00 0.000000000000000000e+00
1.465000000000000568e+01 1.107594936708860667e+00 1.000000015823367283e+00 0.000000000000000000e+00 0.000000000000000000e+00
1.485000000000002274e+01 7.383966244725738148e-01 1.000000012229523616e+00 0.000000000000000000e+00 0.000000000000000000e+00
1.505000000000001137e+01 7.911392405063291111e-01 1.000000009451923022e+00 0.000000000000000000e+00 0.000000000000000000e+00
1.525000000000000000e+01 7.911392405063291111e-01 1.000000007305178018e+00 0.000000000000000000e+00 0.000000000000000000e+00
1.545000000000001705e+01 8.438818565400842964e-01 1.000000005646007439e+00 0.000000000000000000e+00 0.000000000000000000e+00
1.565000000000000568e+01 9.493670886075948889e-01 1.000000004363671646e+00 0.000000000000000000e+00 0.000000000000000000e+00
1.585000000000002274e+01 1.371308016877637037e+00 1.000000003372583546e+00 0.000000000000000000e+00 0.000000000000000000e+00
1.605000000000001137e+01 1.002109704641350074e+00 1.000000002606593608e+00 0.000000000000000000e+00 0.000000000000000000e+00
1.625000000000000000e+01 1.107594936708860667e+00 1.000000002014577394e+00 0.000000000000000000e+00 0.000000000000000000e+00
1.645000000000001705e+01 1.160337552742616074e+00 1.000000001557021401e+00 0.000000000000000000e+00 0.000000000000000000e+00
1.665000000000000568e+01 1.265822784810126445e+00 1.000000001203386724e+00 0.000000000000000000e+00 0.000000000000000000e+00
1.685000000000002274e+01 8.438818565400842964e-01 1.000000000930070465e+00 0.000000000000000000e+00 0.000000000000000000e+00
1.705000000000001137e+01 7.911392405063291111e-01 1.000000000718830551e+00 0.000000000000000000e+00 0.000000000000000000e+00
1.725000000000000000e+01 1.002109704641350074e+00 1.000000000555567814e+00 0.000000000000000000e+00 0.000000000000000000e+00
1.745000000000001705e+01 1.002109704641350074e+00 1.000000000429385860e+00 0.000000000000000000e+00 0.000000000000000000e+00
1.765000000000000568e+01 1.002109704641350074e+00 1.000000000331862759e+00 0.000000000000000000e+00 0.000000000000000000e+00
1.785000000000002274e+01 1.213080168776371259e+00 1.000000000256489274e+00 0.000000000000000000e+00 0.000000000000000000e+00
1.805000000000001137e+01 1.213080168776371259e+00 1.000000000198234762e+00 0.000000000000000000e+00 0.000000000000000000e+00
1.825000000000000000e+01 8.966244725738395926e-01 1.000000000153211221e+00 0.000000000000000000e+00 0.000000000000000000e+00
1.845000000000001705e+01 8.966244725738395926e-01 1.000000000118413501e+00 0.000000000000000000e+00 0.000000000000000000e+00
1.865000000000000568e+01 8.966244725738395926e-01 1.000000000091519015e+00 0.000000000000000000e+00 0.000000000000000000e+00
1.885000000000002274e+01 1.002109704641350074e+00 1.000000000070732975e+00 0.000000000000000000e+00 0.000000000000000000e+00
1.905000000000001137e+01 1.107594936708860667e+00 1.000000000054668048e+00 0.000000000000000000e+00 0.000000000000000000e+00
1.925000000000000000e+01 8.438818565400842964e-01 1.000000000042251536e+00 0.000000000000000000e+00 0.000000000000000000e+00
1.945000000000001705e+01 1.002109704641350074e+00 1.000000000032655434e+00 0.000000000000000000e+00 0.000000000000000000e+00
1.965000000000000568e+01 1.265822784810126445e+00 1.000000000025238478e+00 0.000000000000000000e+00 0.000000000000000000e+00
1.985000000000002274e+01 1.318565400843881852e+00 1.000000000019506396e+00 0.000000000000000000e+00 0.000000000000000000e+00
