-1.994999999999998863e+01 9.887005649717514055e-01 9.999512985865921522e-01 9.999610822584551473e-01 0.000000000000000000e+00
-1.975000000000000000e+01 9.887005649717514055e-01 9.999461526659737531e-01 9.999568652850606698e-01 0.000000000000000000e+00
-1.954999999999998295e+01 1.271186440677966045e+00 9.999404630137230798e-01 9.999521913770162973e-01 0.000000000000000000e+00
-1.934999999999999432e+01 6.355932203389830226e-01 9.999341721777124103e-01 9.999470110226806874e-01 0.000000000000000000e+00
-1.914999999999997726e+01 8.474576271186440302e-01 9.999272166352698443e-01 9.999412693455256296e-01 0.000000000000000000e+00
-1.894999999999998863e+01 1.059322033898305149e+00 9.999195261517493938e-01 9.999349055228184957e-01 0.000000000000000000e+00
-1.875000000000000000e+01 5.649717514124293904e-01 9.999110230713257330e-01 9.999278521413142995e-01 0.000000000000000000e+00
-1.854999999999998295e+01 7.768361581920903980e-01 9.999016215328532242e-01 9.999200344831341569e-01 0.000000000000000000e+00
-1.834999999999999432e+01 3.531073446327683829e-01 9.998912266028692208e-01 9.999113697342636442e-01 0.000000000000000000e+00
-1.814999999999997726e+01 1.059322033898305149e+00 9.998797333169899826e-01 9.999017661072875374e-01 0.000000000000000000e+00
-1.794999999999998863e+01 7.062146892655367658e-01 9.998670256200157258e-01 9.998911218690672564e-01 0.000000000000000000e+00
-1.775000000000000000e+01 8.474576271186440302e-01 9.998529751940468113e-01 9.998793242630615863e-01 0.000000000000000000e+00
-1.754999999999998295e+01 7.768361581920903980e-01 9.998374401627730945e-01 9.998662483148739177e-01 0.000000000000000000e+00
-1.734999999999999432e+01 9.887005649717514055e-01 9.998202636588573444e-01 9.998517555083737962e-01 0.000000000000000000e+00
-1.714999999999997726e+01 1.059322033898305149e+00 9.998012722399429730e-01 9.998356923183673306e-01 0.000000000000000000e+00
-1.694999999999998863e+01 7.062146892655367658e-01 9.997802741372934232e-01 9.998178885842748942e-01 0.000000000000000000e+00
-1.675000000000000000e+01 8.474576271186440302e-01 9.997570573193785837e-01 9.997981557075855674e-01 0.000000000000000000e+00
-1.654999999999998295e+01 1.129943502824858781e+00 9.997313873508539839e-01 9.997762846539955950e-01 0.000000000000000000e+00
-1.634999999999999432e+01 1.129943502824858781e+00 9.997030050253141731e-01 9.997520437390664538e-01 0.000000000000000000e+00
-1.614999999999997726e+01 8.474576271186440302e-01 9.996716237479170708e-01 9.997251761739450737e-01 0.000000000000000000e+00
-1.594999999999998863e+01 9.180790960451977734e-01 9.996369266414487642e-01 9.996953973451482289e-01 0.000000000000000000e+00
-1.575000000000000000e+01 4.237288135593220151e-01 9.995985633466077935e-01 9.996623917995952624e-01 0.000000000000000000e+00
-1.554999999999998295e+01 9.180790960451977734e-01 9.995561464841986599e-01 9.996258099029504685e-01 0.000000000000000000e+00
-1.534999999999999432e+01 1.341807909604519677e+00 9.995092477435119083e-01 9.995852641358767832e-01 0.000000000000000000e+00
-1.514999999999997726e+01 7.062146892655367658e-01 9.994573935573918266e-01 9.995403249889660557e-01 0.000000000000000000e+00
-1.494999999999998863e+01 7.062146892655367658e-01 9.994000603203196942e-01 9.994905164128602415e-01 0.000000000000000000e+00
-1.475000000000000000e+01 1.200564971751412413e+00 9.993366691012275371e-01 9.994353107753649601e-01 0.000000000000000000e+00
-1.454999999999998295e+01 9.887005649717514055e-01 9.992665797976545417e-01 9.993741232721370382e-01 0.000000000000000000e+00
-1.434999999999999432e+01 8.474576271186440302e-01 9.991890846722142339e-01 9.993063057317348452e-01 0.000000000000000000e+00
-1.414999999999997726e+01 7.768361581920903980e-01 9.991034012061094094e-01 9.992311397494088032e-01 0.000000000000000000e+00
-1.394999999999998863e+01 7.768361581920903980e-01 9.990086641975296500e-01 9.991478290768963655e-01 0.000000000000000000e+00
-1.375000000000000000e+01 1.765536723163841692e+00 9.989039170251443611e-01 9.990554911876055044e-01 0.000000000000000000e+00
-1.354999999999998295e+01 9.887005649717514055e-01 9.987881019884740086e-01 9.989531479278336290e-01 0.000000000000000000e+00
-1.334999999999999432e+01 5.649717514124293904e-01 9.986600496275985783e-01 9.988397151549909259e-01 0.000000000000000000e+00
-1.314999999999997726e+01 1.694915254237288060e+00 9.985184669143587488e-01 9.987139912530602626e-01 0.000000000000000000e+00
-1.294999999999998863e+01 6.355932203389830226e-01 9.983619241958072710e-01 9.985746444036400771e-01 0.000000000000000000e+00
-1.275000000000000000e+01 7.768361581920903980e-01 9.981888407580716827e-01 9.984201984777247851e-01 0.000000000000000000e+00
-1.254999999999998295e+01 9.887005649717514055e-01 9.979974688648558523e-01 9.982490173987761395e-01 0.000000000000000000e+00
-1.234999999999999432e+01 7.768361581920903980e-01 9.977858761094070550e-01 9.980592878114379340e-01 0.000000000000000000e+00
-1.214999999999997726e+01 9.887005649717514055e-01 9.975519259017454621e-01 9.978489998722996912e-01 0.000000000000000000e+00
-1.194999999999998863e+01 4.943502824858757028e-01 9.972932558941227654e-01 9.976159259592249917e-01 0.000000000000000000e+00
-1.175000000000000000e+01 8.474576271186440302e-01 9.970072541268562016e-01 9.973575970737044161e-01 0.000000000000000000e+00
-1.154999999999998295e+01 1.059322033898305149e+00 9.966910326536699838e-01 9.970712766862618315e-01 0.000000000000000000e+00
-1.134999999999999432e+01 4.943502824858757028e-01 9.963413983802185125e-01 9.967539317478513183e-01 0.000000000000000000e+00
-1.114999999999997726e+01 7.062146892655367658e-01 9.959548208213314657e-01 9.964022005601618215e-01 0.000000000000000000e+00
-1.094999999999998863e+01 6.355932203389830226e-01 9.955273964514043117e-01 9.960123571644770024e-01 0.000000000000000000e+00
-1.075000000000000000e+01 8.474576271186440302e-01 9.950548092879545337e-01 9.955802718718491651e-01 0.000000000000000000e+00
-1.054999999999998295e+01 4.237288135593220151e-01 9.945322873103342731e-01 9.951013675164801509e-01 0.000000000000000000e+00
-1.034999999999999432e+01 4.237288135593220151e-01 9.939545542735265249e-01 9.945705709688900109e-01 0.000000000000000000e+00
-1.014999999999997726e+01 7.768361581920903980e-01 9.933157764304599846e-01 9.939822593952428731e-01 0.000000000000000000e+00
-9.949999999999988631e+00 7.062146892655367658e-01 9.926095036248623327e-01 9.933302006935451622e-01 0.000000000000000000e+00
-9.750000000000000000e+00 4.237288135593220151e-01 9.918286041598274316e-01 9.926074874757451205e-01 0.000000000000000000e+00
-9.549999999999982947e+00 1.271186440677966045e+00 9.909651927844228547e-01 9.918064638963904889e-01 0.000000000000000000e+00
-9.349999999999994316e+00 1.624293785310734428e+00 9.900105510711717516e-01 9.909186445527303766e-01 0.000000000000000000e+00
-9.149999999999977263e+00 7.768361581920903980e-01 9.889550393804062978e-01 9.899346245971476499e-01 0.000000000000000000e+00
-8.949999999999988631e+00 9.887005649717514055e-01 9.877879995225440357e-01 9.888439801097307358e-01 0.000000000000000000e+00
-8.750000000000000000e+00 9.887005649717514055e-01 9.864976471353982257e-01 9.876351576756079442e-01 0.000000000000000000e+00
-8.549999999999982947e+00 9.180790960451977734e-01 9.850709526897919455e-01 9.862953519973163274e-01 0.000000000000000000e+00
-8.349999999999994316e+00 9.887005649717514055e-01 9.834935099219094257e-01 9.848103702457285946e-01 0.000000000000000000e+00
-8.149999999999977263e+00 9.180790960451977734e-01 9.817493903638578878e-01 9.831644817125788638e-01 0.000000000000000000e+00
-7.949999999999988631e+00 7.768361581920903980e-01 9.798209825035455456e-01 9.813402511719298005e-01 0.000000000000000000e+00
-7.750000000000000000e+00 1.059322033898305149e+00 9.776888139497631469e-01 9.793183541853404117e-01 0.000000000000000000e+00
-7.549999999999982947e+00 6.355932203389830226e-01 9.753313548067562566e-01 9.770773723942312028e-01 0.000000000000000000e+00
-7.349999999999994316e+00 8.474576271186440302e-01 9.727248002728354770e-01 9.745935666309353262e-01 0.000000000000000000e+00
-7.149999999999977263e+00 5.649717514124293904e-01 9.698428302677732926e-01 9.718406254449516446e-01 0.000000000000000000e+00
-6.949999999999988631e+00 9.887005649717514055e-01 9.666563436618009764e-01 9.687893863804983852e-01 0.000000000000000000e+00
-6.750000000000000000e+00 9.887005649717514055e-01 9.631331644225279431e-01 9.654075270527915364e-01 0.000000000000000000e+00
-6.549999999999982947e+00 1.129943502824858781e+00 9.592377167125698545e-01 9.616592227505690316e-01 0.000000000000000000e+00
-6.349999999999994316e+00 8.474576271186440302e-01 9.549306656571306950e-01 9.575047669377714232e-01 0.000000000000000000e+00
-6.149999999999977263e+00 7.768361581920903980e-01 9.501685201541262282e-01 9.529001506342714700e-01 0.000000000000000000e+00
-5.949999999999988631e+00 6.355932203389830226e-01 9.449031937161822547e-01 9.477965962199632610e-01 0.000000000000000000e+00
-5.750000000000000000e+00 1.200564971751412413e+00 9.390815189100207849e-01 9.421400407236864005e-01 0.000000000000000000e+00
-5.549999999999982947e+00 6.355932203389830226e-01 9.326447104902310103e-01 9.358705631233772415e-01 0.000000000000000000e+00
-5.349999999999994316e+00 7.062146892655367658e-01 9.255277718063295023e-01 9.289217495907179378e-01 0.000000000000000000e+00
-5.149999999999977263e+00 2.824858757062146952e-01 9.176588384892054862e-01 9.212199899561828165e-01 0.000000000000000000e+00
-4.949999999999988631e+00 6.355932203389830226e-01 9.089584527897487387e-01 9.126836979418196938e-01 0.000000000000000000e+00
-4.750000000000000000e+00 9.887005649717514055e-01 8.993387612421546162e-01 9.032224469015064372e-01 0.000000000000000000e+00
-4.549999999999982947e+00 7.768361581920903980e-01 8.887026275502140082e-01 8.927360119134313265e-01 0.000000000000000000e+00
-4.349999999999994316e+00 6.355932203389830226e-01 8.769426517388176912e-01 8.811133080774856685e-01 0.000000000000000000e+00
-4.149999999999977263e+00 6.355932203389830226e-01 8.639400856663868034e-01 8.682312137707205446e-01 0.000000000000000000e+00
-3.949999999999988631e+00 9.180790960451977734e-01 8.495636339474943455e-01 8.539532663954194636e-01 0.000000000000000000e+00
-3.750000000000000000e+00 5.649717514124293904e-01 8.336681281777600372e-01 8.381282168035346647e-01 0.000000000000000000e+00
-3.549999999999982947e+00 1.129943502824858781e+00 8.160930610738478252e-01 8.205884270842599415e-01 0.000000000000000000e+00
-3.349999999999994316e+00 6.355932203389830226e-01 7.966609657268057809e-01 8.011480947421705245e-01 0.000000000000000000e+00
-3.149999999999977263e+00 6.355932203389830226e-01 7.751756236029863079e-01 7.796012844542634657e-01 0.000000000000000000e+00
-2.949999999999988631e+00 1.059322033898305149e+00 7.514200831976276529e-01 7.557197465559751803e-01 0.000000000000000000e+00
-2.750000000000000000e+00 1.059322033898305149e+00 7.251544693340685743e-01 7.292504991468797826e-01 0.000000000000000000e+00
-2.549999999999982947e+00 8.474576271186440302e-01 6.961135609877360242e-01 6.999131482029053997e-01 0.000000000000000000e+00
-2.349999999999994316e+00 7.768361581920903980e-01 6.640041131771583505e-01 6.673969173071594430e-01 0.000000000000000000e+00
-2.149999999999977263e+00 7.062146892655367658e-01 6.285018959425603402e-01 6.313573556107783258e-01 0.000000000000000000e+00
-1.949999999999988631e+00 7.768361581920903980e-01 5.892484250517202593e-01 5.914126944600799352e-01 0.000000000000000000e+00
-1.750000000000000000e+00 7.062146892655367658e-01 5.458475584116670998e-01 5.471400496361811250e-01 0.000000000000000000e+00
-1.549999999999982947e+00 7.062146892655367658e-01 4.978678623454502183e-01 4.980780109979076054e-01 0.000000000000000000e+00
-1.349999999999994316e+00 4.943502824858757028e-01 4.449561014634929590e-01 4.438494753347982380e-01 0.000000000000000000e+00
-1.149999999999977263e+00 6.355932203389830226e-01 3.881794466931633991e-01 3.855830181014279212e-01 0.000000000000000000e+00
-9.499999999999886313e-01 4.237288135593220151e-01 3.391603154000927267e-01 3.353759105415964337e-01 0.000000000000000000e+00
-7.500000000000000000e-01 4.943502824858757028e-01 3.536588740640421724e-01 3.502850270221204987e-01 0.000000000000000000e+00
-5.499999999999829470e-01 8.474576271186440302e-01 5.781688079149083226e-01 5.776984791363838356e-01 0.000000000000000000e+00
-3.499999999999943157e-01 8.474576271186440302e-01 1.181626785198772289e+00 1.184013676238684365e+00 0.000000000000000000e+00
-1.499999999999772626e-01 1.977401129943502811e+00 2.091290367807742356e+00 2.092670715081726751e+00 0.000000000000000000e+00
5.000000000001136868e-02 3.107344632768361592e+00 2.900236702665410782e+00 2.898600467346225340e+00 0.000000000000000000e+00
2.500000000000000000e-01 3.531073446327683385e+00 3.258324730931167590e+00 3.256185723534512189e+00 0.000000000000000000e+00
4.500000000000170530e-01 3.319209039548022488e+00 3.197809672449246854e+00 3.197311197441040420e+00 0.000000000000000000e+00
6.500000000000056843e-01 3.389830508474576121e+00 2.951279693575279417e+00 2.951959996384762253e+00 0.000000000000000000e+00
8.500000000000227374e-01 1.977401129943502811e+00 2.680237282004745314e+00 2.681102843179926865e+00 0.000000000000000000e+00
1.050000000000011369e+00 2.189265536723163930e+00 2.437110804528194397e+00 2.437772716165727882e+00 0.000000000000000000e+00
1.250000000000000000e+00 1.412429378531073532e+00 2.227989546674840948e+00 2.228416457334748912e+00 0.000000000000000000e+00
1.450000000000017053e+00 1.765536723163841692e+00 2.049207835135760991e+00 2.049445005689365384e+00 0.000000000000000000e+00
1.650000000000005684e+00 2.401129943502824826e+00 1.896450271989794656e+00 1.896543222488976221e+00 0.000000000000000000e+00
1.850000000000022737e+00 1.553672316384180796e+00 1.765933033624981885e+00 1.765918710584824414e+00 0.000000000000000000e+00
2.050000000000011369e+00 1.977401129943502811e+00 1.654418240140985263e+00 1.654325918727196143e+00 0.000000000000000000e+00
2.250000000000000000e+00 1.906779661016949179e+00 1.559139264398463620e+00 1.558991968674697803e+00 0.000000000000000000e+00
2.450000000000017053e+00 1.624293785310734428e+00 1.477732278557025936e+00 1.477547980447222242e+00 0.000000000000000000e+00
2.650000000000005684e+00 1.483050847457627164e+00 1.408177612460870254e+00 1.407970214974479051e+00 0.000000000000000000e+00
2.850000000000022737e+00 1.483050847457627164e+00 1.348749646595974738e+00 1.348529787835033078e+00 0.000000000000000000e+00
3.050000000000011369e+00 1.341807909604519677e+00 1.297974000258232508e+00 1.297749709536846208e+00 0.000000000000000000e+00
3.250000000000000000e+00 1.341807909604519677e+00 1.254590952841177387e+00 1.254368184940446662e+00 0.000000000000000000e+00
3.450000000000017053e+00 1.412429378531073532e+00 1.217524190742834467e+00 1.217307259881268866e+00 0.000000000000000000e+00
3.650000000000005684e+00 1.341807909604519677e+00 1.185854104516604446e+00 1.185646035915074448e+00 0.000000000000000000e+00
3.850000000000022737e+00 1.129943502824858781e+00 1.158794973780661985e+00 1.158597787620214703e+00 0.000000000000000000e+00
4.050000000000011369e+00 1.412429378531073532e+00 1.135675473854003137e+00 1.135490413862291881e+00 0.000000000000000000e+00
4.250000000000000000e+00 1.765536723163841692e+00 1.115922020497540412e+00 1.115749737269571273e+00 0.000000000000000000e+00
4.450000000000017053e+00 8.474576271186440302e-01 1.099044539550988020e+00 1.098885236940760901e+00 0.000000000000000000e+00
4.650000000000005684e+00 1.059322033898305149e+00 1.084624308416670457e+00 1.084477859868120619e+00 0.000000000000000000e+00
4.850000000000022737e+00 7.768361581920903980e-01 1.072303567743005059e+00 1.072169608211314129e+00 0.000000000000000000e+00
5.050000000000011369e+00 1.129943502824858781e+00 1.061776645578324185e+00 1.061654643684222910e+00 0.000000000000000000e+00
5.250000000000000000e+00 8.474576271186440302e-01 1.052782373789280745e+00 1.052671688014409357e+00 0.000000000000000000e+00
5.450000000000017053e+00 1.129943502824858781e+00 1.045097608598690497e+00 1.044997530640131345e+00 0.000000000000000000e+00
5.650000000000005684e+00 9.887005649717514055e-01 1.038531694490287594e+00 1.038441482322641551e+00 0.000000000000000000e+00
5.850000000000022737e+00 9.887005649717514055e-01 1.032921734132393299e+00 1.032840636855836713e+00 0.000000000000000000e+00
6.050000000000011369e+00 9.180790960451977734e-01 1.028128546969488077e+00 1.028055823135148206e+00 0.000000000000000000e+00
6.250000000000000000e+00 9.887005649717514055e-01 1.024033216216158504e+00 1.023968147001717455e+00 0.000000000000000000e+00
6.450000000000017053e+00 1.200564971751412413e+00 1.020534138585940775e+00 1.020476036932818964e+00 0.000000000000000000e+00
6.650000000000005684e+00 7.062146892655367658e-01 1.017544503560166014e+00 1.017492720169153264e+00 0.000000000000000000e+00
6.850000000000022737e+00 6.355932203389830226e-01 1.014990139658618062e+00 1.014944066565236724e+00 0.000000000000000000e+00
7.050000000000011369e+00 9.887005649717514055e-01 1.012807674278972447e+00 1.012766746586391209e+00 0.000000000000000000e+00
7.250000000000000000e+00 9.887005649717514055e-01 1.010942961451459565e+00 1.010906657681803988e+00 0.000000000000000000e+00
7.450000000000017053e+00 9.180790960451977734e-01 1.009349738502073546e+00 1.009317579931824804e+00 0.000000000000000000e+00
7.650000000000005684e+00 4.943502824858757028e-01 1.007988478296750312e+00 1.007960027564703820e+00 0.000000000000000000e+00
7.850000000000022737e+00 9.887005649717514055e-01 1.006825408591213167e+00 1.006800267804993432e+00 0.000000000000000000e+00
8.050000000000011369e+00 4.237288135593220151e-01 1.005831674157011690e+00 1.005809482673738930e+00 0.000000000000000000e+00
8.250000000000000000e+00 1.129943502824858781e+00 1.004982620896474721e+00 1.004963052912664967e+00 0.000000000000000000e+00
8.450000000000017053e+00 5.649717514124293904e-01 1.004257184185803231e+00 1.004239946239147141e+00 0.000000000000000000e+00
8.650000000000005684e+00 1.129943502824858781e+00 1.003637366271368458e+00 1.003622194731187411e+00 0.000000000000000000e+00
8.850000000000022737e+00 1.271186440677966045e+00 1.003107789753661327e+00 1.003094448356326440e+00 0.000000000000000000e+00
9.050000000000011369e+00 1.129943502824858781e+00 1.002655316081030534e+00 1.002643593550486045e+00 0.000000000000000000e+00
9.250000000000000000e+00 1.059322033898305149e+00 1.002268719588213175e+00 1.002258427369092653e+00 0.000000000000000000e+00
9.450000000000017053e+00 8.474576271186440302e-01 1.001938408992704144e+00 1.001929379113717822e+00 0.000000000000000000e+00
9.650000000000005684e+00 1.129943502824858781e+00 1.001656189439416922e+00 1.001648272517148053e+00 0.000000000000000000e+00
9.850000000000022737e+00 7.768361581920903980e-01 1.001415059190067680e+00 1.001408122577605031e+00 0.000000000000000000e+00
1.005000000000001137e+01 7.768361581920903980e-01 1.001209035913246614e+00 1.001202961993804097e+00 0.000000000000000000e+00
1.025000000000000000e+01 1.271186440677966045e+00 1.001033008265506119e+00 1.001027692888071252e+00 0.000000000000000000e+00
1.045000000000001705e+01 1.341807909604519677e+00 1.000882609081262364e+00 1.000877960133098155e+00 0.000000000000000000e+00
1.065000000000000568e+01 7.062146892655367658e-01 1.000754107025412010e+00 1.000750043134730927e+00 0.000000000000000000e+00
1.085000000000002274e+01 4.943502824858757028e-01 1.000644314020610937e+00 1.000640763381785758e+00 0.000000000000000000e+00
1.105000000000001137e+01 8.474576271186440302e-01 1.000550506152530383e+00 1.000547405465666673e+00 0.000000000000000000e+00
1.125000000000000000e+01 9.887005649717514055e-01 1.000470356090787050e+00 1.000467649607264864e+00 0.000000000000000000e+00
1.145000000000001705e+01 1.059322033898305149e+00 1.000401875348937653e+00 1.000399514014549629e+00 0.000000000000000000e+00
1.165000000000000568e+01 1.059322033898305149e+00 1.000343364951038483e+00 1.000341305638542400e+00 0.000000000000000000e+00
1.185000000000002274e+01 1.200564971751412413e+00 1.000293373280827902e+00 1.000291578104042456e+00 0.000000000000000000e+00
1.205000000000001137e+01 8.474576271186440302e-01 1.000250660067788955e+00 1.000249095769762508e+00 0.000000000000000000e+00
1.225000000000000000e+01 8.474576271186440302e-01 1.000214165616605255e+00 1.000212803024827179e+00 0.000000000000000000e+00
1.245000000000001705e+01 1.129943502824858781e+00 1.000182984516602369e+00 1.000181798058709548e+00 0.000000000000000000e+00
1.265000000000000568e+01 9.180790960451977734e-01 1.000156343178923768e+00 1.000155310452834900e+00 0.000000000000000000e+00
1.285000000000002274e+01 9.180790960451977734e-01 1.000133580644143150e+00 1.000132682037041532e+00 0.000000000000000000e+00
1.305000000000001137e+01 1.200564971751412413e+00 1.000114132184164006e+00 1.000113350535216217e+00 0.000000000000000000e+00
1.325000000000000000e+01 7.768361581920903980e-01 1.000097515291572314e+00 1.000096835593726752e+00 0.000000000000000000e+00
1.345000000000001705e+01 4.237288135593220151e-01 1.000083317708848618e+00 1.000082726845484604e+00 0.000000000000000000e+00
1.365000000000000568e+01 1.129943502824858781e+00 1.000071187200446854e+00 1.000070673713047364e+00 0.000000000000000000e+00
1.385000000000002274e+01 8.474576271186440302e-01 1.000060822813990891e+00 1.000060376697390563e+00 0.000000000000000000e+00
1.405000000000001137e+01 1.059322033898305149e+00 1.000051967413784437e+00 1.000051579935886004e+00 0.000000000000000000e+00
1.425000000000000000e+01 9.887005649717514055e-01 1.000044401301390717e+00 1.000044064844567204e+00 0.000000000000000000e+00
1.445000000000001705e+01 6.355932203389830226e-01 1.000037936765015401e+00 1.000037644686705640e+00 0.000000000000000000e+00
1.465000000000000568e+01 1.200564971751412413e+00 1.000032413422461630e+00 1.000032159932733089e+00 0.000000000000000000e+00
1.485000000000002274e+01 7.768361581920903980e-01 1.000027694242122456e+00 1.000027474296212748e+00 0.000000000000000000e+00
1.505000000000001137e+01 9.180790960451977734e-01 1.000023662143287861e+00 1.000023471347364357e+00 0.000000000000000000e+00
1.525000000000000000e+01 7.768361581920903980e-01 1.000020217091426522e+00 1.000020051619987971e+00 0.000000000000000000e+00
1.545000000000001705e+01 8.474576271186440302e-01 1.000017273616374158e+00 1.000017130139906341e+00 0.000000000000000000e+00
1.565000000000000568e+01 1.271186440677966045e+00 1.000014758691858630e+00 1.000014634313506345e+00 0.000000000000000000e+00
1.585000000000002274e+01 6.355932203389830226e-01 1.000012609923750961e+00 1.000012502123915459e+00 0.000000000000000000e+00
1.605000000000001137e+01 4.943502824858757028e-01 1.000010774002094927e+00 1.000010680589993761e+00 0.000000000000000000e+00
1.625000000000000000e+01 5.649717514124293904e-01 1.000009205378512345e+00 1.000009124449844133e+00 0.000000000000000000e+00
1.645000000000001705e+01 1.129943502824858781e+00 1.000007865136168572e+00 1.000007795036136349e+00 0.000000000000000000e+00
1.665000000000000568e+01 1.412429378531073532e+00 1.000006720024262830e+00 1.000006659315290758e+00 0.000000000000000000e+00
1.685000000000002274e+01 1.553672316384180796e+00 1.000005741633090972e+00 1.000005689066653103e+00 0.000000000000000000e+00
1.705000000000001137e+01 9.887005649717514055e-01 1.000004905689215295e+00 1.000004860181260335e+00 0.000000000000000000e+00
1.725000000000000000e+01 9.887005649717514055e-01 1.000004191453249591e+00 1.000004152062776486e+00 0.000000000000000000e+00
1.745000000000001705e+01 5.649717514124293904e-01 1.000003581205325620e+00 1.000003547115709379e+00 0.000000000000000000e+00
1.765000000000000568e+01 1.200564971751412413e+00 1.000003059805470773e+00 1.000003030308194818e+00 0.000000000000000000e+00
1.785000000000002274e+01 8.474576271186440302e-01 1.000002614317992977e+00 1.000002588798479364e+00 0.000000000000000000e+00
1.805000000000001137e+01 7.062146892655367658e-01 1.000002233690551190e+00 1.000002211615828029e+00 0.000000000000000000e+00
1.825000000000000000e+01 7.768361581920903980e-01 1.000001908479952295e+00 1.000001889387918563e+00 0.000000000000000000e+00
1.845000000000001705e+01 9.887005649717514055e-01 1.000001630617869619e+00 1.000001614107957515e+00 0.000000000000000000e+00
1.865000000000000568e+01 5.649717514124293904e-01 1.000001393210672163e+00 1.000001378935724494e+00 0.000000000000000000e+00
1.885000000000002274e+01 1.129943502824858781e+00 1.000001190368395187e+00 1.000001178027605686e+00 0.000000000000000000e+00
1.905000000000001137e+01 6.355932203389830226e-01 1.000001017058614883e+00 1.000001006391389335e+00 0.000000000000000000e+00
1.925000000000000000e+01 1.129943502824858781e+00 1.000000868981594460e+00 1.000000859762219196e+00 0.000000000000000000e+00
1.945000000000001705e+01 7.062146892655367658e-01 1.000000742463610814e+00 1.000000734496619748e+00 0.000000000000000000e+00
1.965000000000000568e+01 9.887005649717514055e-01 1.000000634365810326e+00 1.000000627481962168e+00 0.000000000000000000e+00
1.985000000000002274e+01 1.129943502824858781e+00 1.000000542006336035e+00 1.000000536059121758e+00 0.000000000000000000e+00
