-1.994999999999998863e+01 8.777062609713283114e-01 0.000000000000000000e+00 1.000000000000000000e+00 9.999999999999998890e-01
-1.975000000000000000e+01 1.111761263897015795e+00 0.000000000000000000e+00 1.000000000000000000e+00 9.999999999999998890e-01
-1.954999999999998295e+01 1.053247513165593841e+00 0.000000000000000000e+00 1.000000000000000000e+00 9.999999999999998890e-01
-1.934999999999999432e+01 1.053247513165593841e+00 0.000000000000000000e+00 1.000000000000000000e+00 9.999999999999997780e-01
-1.914999999999997726e+01 7.606787595084845144e-01 0.000000000000000000e+00 1.000000000000000000e+00 9.999999999999996669e-01
-1.894999999999998863e+01 1.170275014628437749e+00 0.000000000000000000e+00 1.000000000000000000e+00 9.999999999999994449e-01
-1.875000000000000000e+01 8.777062609713283114e-01 0.000000000000000000e+00 1.000000000000000000e+00 9.999999999999992228e-01
-1.854999999999998295e+01 1.170275014628437749e+00 0.000000000000000000e+00 9.999999999999998890e-01 9.999999999999988898e-01
-1.834999999999999432e+01 1.228788765359859481e+00 0.000000000000000000e+00 9.999999999999998890e-01 9.999999999999984457e-01
-1.814999999999997726e+01 1.287302516091281435e+00 0.000000000000000000e+00 9.999999999999998890e-01 9.999999999999977796e-01
-1.794999999999998863e+01 1.345816266822703389e+00 0.000000000000000000e+00 9.999999999999997780e-01 9.999999999999966693e-01
-1.775000000000000000e+01 8.777062609713283114e-01 0.000000000000000000e+00 9.999999999999996669e-01 9.999999999999952260e-01
-1.754999999999998295e+01 1.053247513165593841e+00 0.000000000000000000e+00 9.999999999999994449e-01 9.999999999999930056e-01
-1.734999999999999432e+01 8.777062609713283114e-01 0.000000000000000000e+00 9.999999999999992228e-01 9.999999999999897859e-01
-1.714999999999997726e+01 9.947337624341719975e-01 0.000000000000000000e+00 9.999999999999987788e-01 9.999999999999851230e-01
-1.694999999999998863e+01 9.947337624341719975e-01 0.000000000000000000e+00 9.999999999999981126e-01 9.999999999999783507e-01
-1.675000000000000000e+01 9.947337624341719975e-01 0.000000000000000000e+00 9.999999999999972244e-01 9.999999999999684697e-01
-1.654999999999998295e+01 9.362200117027501545e-01 0.000000000000000000e+00 9.999999999999958922e-01 9.999999999999540368e-01
-1.634999999999999432e+01 1.228788765359859481e+00 0.000000000000000000e+00 9.999999999999937828e-01 9.999999999999330536e-01
-1.614999999999997726e+01 8.191925102399063574e-01 0.000000000000000000e+00 9.999999999999906741e-01 9.999999999999025224e-01
-1.594999999999998863e+01 6.436512580456407173e-01 0.000000000000000000e+00 9.999999999999859002e-01 9.999999999998580025e-01
-1.575000000000000000e+01 7.021650087770625603e-01 0.000000000000000000e+00 9.999999999999789058e-01 9.999999999997931655e-01
-1.554999999999998295e+01 9.947337624341719975e-01 0.000000000000000000e+00 9.999999999999682476e-01 9.999999999996987965e-01
-1.534999999999999432e+01 9.362200117027501545e-01 0.000000000000000000e+00 9.999999999999523714e-01 9.999999999995614619e-01
-1.514999999999997726e+01 1.404330017554125121e+00 0.000000000000000000e+00 9.999999999999285016e-01 9.999999999993612887e-01
-1.494999999999998863e+01 9.947337624341719975e-01 0.000000000000000000e+00 9.999999999998926414e-01 9.999999999990699662e-01
-1.475000000000000000e+01 1.345816266822703389e+00 0.000000000000000000e+00 9.999999999998386846e-01 9.999999999986455279e-01
-1.454999999999998295e+01 1.053247513165593841e+00 0.000000000000000000e+00 9.999999999997577493e-01 9.999999999980275778e-01
-1.434999999999999432e+01 1.053247513165593841e+00 0.000000000000000000e+00 9.999999999996362909e-01 9.999999999971276310e-01
-1.414999999999997726e+01 7.021650087770625603e-01 0.000000000000000000e+00 9.999999999994537703e-01 9.999999999958170127e-01
-1.394999999999998863e+01 1.111761263897015795e+00 0.000000000000000000e+00 9.999999999991796562e-01 9.999999999939085393e-01
-1.375000000000000000e+01 5.266237565827969203e-01 0.000000000000000000e+00 9.999999999987680965e-01 9.999999999911292070e-01
-1.354999999999998295e+01 1.404330017554125121e+00 0.000000000000000000e+00 9.999999999981500354e-01 9.999999999870816669e-01
-1.334999999999999432e+01 1.404330017554125121e+00 0.000000000000000000e+00 9.999999999972217779e-01 9.999999999811874929e-01
-1.314999999999997726e+01 1.345816266822703389e+00 0.000000000000000000e+00 9.999999999958278929e-01 9.999999999726040256e-01
-1.294999999999998863e+01 1.287302516091281435e+00 0.000000000000000000e+00 9.999999999937345674e-01 9.999999999601041356e-01
-1.275000000000000000e+01 1.170275014628437749e+00 0.000000000000000000e+00 9.999999999905909709e-01 9.999999999419009189e-01
-1.254999999999998295e+01 1.170275014628437749e+00 0.000000000000000000e+00 9.999999999858700805e-01 9.999999999153922348e-01
-1.234999999999999432e+01 8.777062609713283114e-01 0.000000000000000000e+00 9.999999999787806404e-01 9.999999998767884479e-01
-1.214999999999997726e+01 8.777062609713283114e-01 0.000000000000000000e+00 9.999999999681342677e-01 9.999999998205710838e-01
-1.194999999999998863e+01 1.228788765359859481e+00 0.000000000000000000e+00 9.999999999521461680e-01 9.999999997387035711e-01
-1.175000000000000000e+01 8.777062609713283114e-01 0.000000000000000000e+00 9.999999999281362628e-01 9.999999996194827157e-01
-1.154999999999998295e+01 1.111761263897015795e+00 0.000000000000000000e+00 9.999999998920799937e-01 9.999999994458652619e-01
-1.134999999999999432e+01 9.947337624341719975e-01 0.000000000000000000e+00 9.999999998379329735e-01 9.999999991930318410e-01
-1.114999999999997726e+01 9.362200117027501545e-01 0.000000000000000000e+00 9.999999997566186849e-01 9.999999988248388094e-01
-1.094999999999998863e+01 1.111761263897015795e+00 0.000000000000000000e+00 9.999999996345062536e-01 9.999999982886516037e-01
-1.075000000000000000e+01 9.947337624341719975e-01 0.000000000000000000e+00 9.999999994511261647e-01 9.999999975078198711e-01
-1.054999999999998295e+01 7.021650087770625603e-01 0.000000000000000000e+00 9.999999991757382301e-01 9.999999963707203454e-01
-1.034999999999999432e+01 8.777062609713283114e-01 0.000000000000000000e+00 9.999999987621792652e-01 9.999999947147999446e-01
-1.014999999999997726e+01 1.228788765359859481e+00 0.000000000000000000e+00 9.999999981411242800e-01 9.999999923033376925e-01
-9.949999999999988631e+00 1.638385020479812715e+00 0.000000000000000000e+00 9.999999972084657740e-01 9.999999887916047880e-01
-9.750000000000000000e+00 1.287302516091281435e+00 0.000000000000000000e+00 9.999999958078620299e-01 9.999999836775842477e-01
-9.549999999999982947e+00 6.436512580456407173e-01 0.000000000000000000e+00 9.999999937045297438e-01 9.999999762302048678e-01
-9.349999999999994316e+00 1.053247513165593841e+00 0.000000000000000000e+00 9.999999905458870630e-01 9.999999653848321568e-01
-9.149999999999977263e+00 8.191925102399063574e-01 0.000000000000000000e+00 9.999999858024503085e-01 9.999999495910740777e-01
-8.949999999999988631e+00 8.777062609713283114e-01 0.000000000000000000e+00 9.999999786790768619e-01 9.999999265911456714e-01
-8.750000000000000000e+00 1.170275014628437749e+00 0.000000000000000000e+00 9.999999679816746756e-01 9.999998930971094602e-01
-8.549999999999982947e+00 2.925687536571094371e-01 0.000000000000000000e+00 9.999999519170369444e-01 9.999998443208504284e-01
-8.349999999999994316e+00 9.947337624341719975e-01 0.000000000000000000e+00 9.999999277922470009e-01 9.999997732895951064e-01
-8.149999999999977263e+00 1.696898771211234669e+00 0.000000000000000000e+00 9.999998915632632990e-01 9.999996698491233627e-01
-7.949999999999988631e+00 1.170275014628437749e+00 0.000000000000000000e+00 9.999998371570174571e-01 9.999995192121799992e-01
-7.750000000000000000e+00 1.345816266822703389e+00 0.000000000000000000e+00 9.999997554533845978e-01 9.999992998445733638e-01
-7.549999999999982947e+00 7.606787595084845144e-01 0.000000000000000000e+00 9.999996327563753784e-01 9.999989803867714855e-01
-7.349999999999994316e+00 1.287302516091281435e+00 0.000000000000000000e+00 9.999994484982769327e-01 9.999985151709230857e-01
-7.149999999999977263e+00 8.191925102399063574e-01 0.000000000000000000e+00 9.999991717918835787e-01 9.999978376924446577e-01
-6.949999999999988631e+00 7.606787595084845144e-01 0.000000000000000000e+00 9.999987562528722673e-01 9.999968511029069251e-01
-6.750000000000000000e+00 7.606787595084845144e-01 0.000000000000000000e+00 9.999981322243923776e-01 9.999954143651403893e-01
-6.549999999999982947e+00 1.170275014628437749e+00 0.000000000000000000e+00 9.999971951004810178e-01 9.999933220913723719e-01
-6.349999999999994316e+00 1.345816266822703389e+00 0.000000000000000000e+00 9.999957877909532167e-01 9.999902751821712066e-01
-6.149999999999977263e+00 7.606787595084845144e-01 0.000000000000000000e+00 9.999936743883575119e-01 9.999858380689110593e-01
-5.949999999999988631e+00 1.287302516091281435e+00 0.000000000000000000e+00 9.999905006227830517e-01 9.999793764473844382e-01
-5.750000000000000000e+00 1.345816266822703389e+00 0.000000000000000000e+00 9.999857344755558319e-01 9.999699666013189825e-01
-5.549999999999982947e+00 8.777062609713283114e-01 0.000000000000000000e+00 9.999785769968895233e-01 9.999562633532085298e-01
-5.349999999999994316e+00 9.947337624341719975e-01 0.000000000000000000e+00 9.999678283778442589e-01 9.999363077654687126e-01
-5.149999999999977263e+00 1.228788765359859481e+00 0.000000000000000000e+00 9.999516868262215974e-01 9.999072471019799790e-01
-4.949999999999988631e+00 7.021650087770625603e-01 0.000000000000000000e+00 9.999274465319391014e-01 9.998649270173290970e-01
-4.750000000000000000e+00 1.053247513165593841e+00 0.000000000000000000e+00 9.998910440917874176e-01 9.998032976754680501e-01
-4.549999999999982947e+00 6.436512580456407173e-01 0.000000000000000000e+00 9.998363773607007454e-01 9.997135488999268071e-01
-4.349999999999994316e+00 8.191925102399063574e-01 0.000000000000000000e+00 9.997542825485057350e-01 9.995828507216251158e-01
-4.149999999999977263e+00 1.579871269748390983e+00 0.000000000000000000e+00 9.996309980927613470e-01 9.993925192802393109e-01
-3.949999999999988631e+00 7.606787595084845144e-01 0.000000000000000000e+00 9.994458578065263943e-01 9.991153458869242998e-01
-3.750000000000000000e+00 9.947337624341719975e-01 0.000000000000000000e+00 9.991678266031586153e-01 9.987117074265499106e-01
-3.549999999999982947e+00 9.947337624341719975e-01 0.000000000000000000e+00 9.987502980813109943e-01 9.981239020649138594e-01
-3.349999999999994316e+00 1.287302516091281435e+00 0.000000000000000000e+00 9.981232818887232350e-01 9.972679005261917418e-01
-3.149999999999977263e+00 1.287302516091281435e+00 0.000000000000000000e+00 9.971816712317371767e-01 9.960213337506598208e-01
-2.949999999999988631e+00 9.362200117027501545e-01 0.000000000000000000e+00 9.957676238118607914e-01 9.942059997172898456e-01
-2.750000000000000000e+00 1.287302516091281435e+00 0.000000000000000000e+00 9.936441027038271923e-01 9.915623887071167708e-01
-2.549999999999982947e+00 9.362200117027501545e-01 0.000000000000000000e+00 9.904551418296161369e-01 9.877125852854647947e-01
-2.349999999999994316e+00 9.362200117027501545e-01 0.000000000000000000e+00 9.856661753254788438e-01 9.821062436836526244e-01
-2.149999999999977263e+00 8.191925102399063574e-01 0.000000000000000000e+00 9.784744282096328183e-01 9.739419135321040200e-01
-1.949999999999988631e+00 1.404330017554125121e+00 0.000000000000000000e+00 9.676743473201278034e-01 9.620524691953078467e-01
-1.750000000000000000e+00 6.436512580456407173e-01 0.000000000000000000e+00 9.514555242653354172e-01 9.447382682821143796e-01
-1.549999999999982947e+00 8.777062609713283114e-01 0.000000000000000000e+00 9.270995421931607083e-01 9.195243279104060585e-01
-1.349999999999994316e+00 7.021650087770625603e-01 0.000000000000000000e+00 8.905311413806782372e-01 8.828099411319013656e-01
-1.149999999999977263e+00 8.191925102399063574e-01 0.000000000000000000e+00 8.357271450276499980e-01 8.294048612813197385e-01
-9.499999999999886313e-01 5.266237565827969203e-01 0.000000000000000000e+00 7.544839010777819599e-01 7.522647401025606140e-01
-7.500000000000000000e-01 9.947337624341719975e-01 0.000000000000000000e+00 6.390347725527985023e-01 6.442303514835358014e-01
-5.499999999999829470e-01 5.266237565827969203e-01 0.000000000000000000e+00 4.923144894856594789e-01 5.061013794696034296e-01
-3.499999999999943157e-01 3.510825043885312802e-01 0.000000000000000000e+00 3.428073055280909665e-01 3.609313040061842282e-01
-1.499999999999772626e-01 5.851375073142188465e-02 0.000000000000000000e+00 2.401360136349757757e-01 2.552590619494764512e-01
5.000000000001136868e-02 7.021650087770625603e-01 0.000000000000000000e+00 2.178166669872840522e-01 2.274228359830030022e-01
2.500000000000000000e-01 1.170275014628437693e-01 0.000000000000000000e+00 2.648040184222122395e-01 2.733929151613479491e-01
4.500000000000170530e-01 7.021650087770625603e-01 0.000000000000000000e+00 3.444804878058316255e-01 3.572248999835598848e-01
6.500000000000056843e-01 5.266237565827969203e-01 0.000000000000000000e+00 4.284346606969144378e-01 4.465776003310298337e-01
8.500000000000227374e-01 2.925687536571094371e-01 0.000000000000000000e+00 5.054731106173936395e-01 5.273579709948986727e-01
1.050000000000011369e+00 5.851375073142188743e-01 0.000000000000000000e+00 5.736700165238409754e-01 5.969931488572725042e-01
1.250000000000000000e+00 5.266237565827969203e-01 0.000000000000000000e+00 6.336512304572800014e-01 6.564398190881507444e-01
1.450000000000017053e+00 5.851375073142188743e-01 0.000000000000000000e+00 6.863675958918081799e-01 7.071227255988468130e-01
1.650000000000005684e+00 7.021650087770625603e-01 0.000000000000000000e+00 7.326975973563178979e-01 7.503289933775481035e-01
1.850000000000022737e+00 8.777062609713283114e-01 0.000000000000000000e+00 7.734160498734264921e-01 7.871613304395188582e-01
2.050000000000011369e+00 7.606787595084845144e-01 0.000000000000000000e+00 8.092038786759987445e-01 8.185600329118335461e-01
2.250000000000000000e+00 5.266237565827969203e-01 0.000000000000000000e+00 8.406593878150431243e-01 8.453266893438916574e-01
2.450000000000017053e+00 9.362200117027501545e-01 0.000000000000000000e+00 8.683082820446923478e-01 8.681446353123927206e-01
2.650000000000005684e+00 8.191925102399063574e-01 0.000000000000000000e+00 8.926124760975212569e-01 8.875963983498293963e-01
2.850000000000022737e+00 9.947337624341719975e-01 0.000000000000000000e+00 9.139778350891873959e-01 9.041785694964792341e-01
3.050000000000011369e+00 9.947337624341719975e-01 0.000000000000000000e+00 9.327609756880117509e-01 9.183144809512664430e-01
3.250000000000000000e+00 1.053247513165593841e+00 0.000000000000000000e+00 9.492752420174634942e-01 9.303650134714296360e-01
3.450000000000017053e+00 1.053247513165593841e+00 0.000000000000000000e+00 9.637959564309754867e-01 9.406378094268931234e-01
3.650000000000005684e+00 8.777062609713283114e-01 0.000000000000000000e+00 9.765650331475291823e-01 9.493951267127461735e-01
3.850000000000022737e+00 8.777062609713283114e-01 0.000000000000000000e+00 9.877950320597386202e-01 9.568605340251861158e-01
4.050000000000011369e+00 1.053247513165593841e+00 0.000000000000000000e+00 9.976727206449440555e-01 9.632246184269981359e-01
4.250000000000000000e+00 1.053247513165593841e+00 0.000000000000000000e+00 1.006362203667106492e+00 9.686498509130949675e-01
4.450000000000017053e+00 1.228788765359859481e+00 0.000000000000000000e+00 1.014007673114568631e+00 9.732747341908565275e-01
4.650000000000005684e+00 9.947337624341719975e-01 0.000000000000000000e+00 1.020735824455017537e+00 9.772173385654574496e-01
4.850000000000022737e+00 1.053247513165593841e+00 0.000000000000000000e+00 1.026657979697378265e+00 9.805783161990704322e-01
5.050000000000011369e+00 8.191925102399063574e-01 0.000000000000000000e+00 1.031871952837229767e+00 9.834434706960357708e-01
5.250000000000000000e+00 8.777062609713283114e-01 0.000000000000000000e+00 1.036463688945459705e+00 9.858859476138776001e-01
5.450000000000017053e+00 9.362200117027501545e-01 0.000000000000000000e+00 1.040508704366699400e+00 9.879681018224932831e-01
5.650000000000005684e+00 9.362200117027501545e-01 0.000000000000000000e+00 1.044073352161284385e+00 9.897430893840074573e-01
5.850000000000022737e+00 1.228788765359859481e+00 0.000000000000000000e+00 1.047215933996024528e+00 9.912562245929629201e-01
6.050000000000011369e+00 9.362200117027501545e-01 0.000000000000000000e+00 1.049987677115981066e+00 9.925461368212079583e-01
6.250000000000000000e+00 1.521357519016969029e+00 0.000000000000000000e+00 1.052433592768590609e+00 9.936457567009970848e-01
6.450000000000017053e+00 9.947337624341719975e-01 0.000000000000000000e+00 1.054593230464933695e+00 9.945831568229206443e-01
6.650000000000005684e+00 1.228788765359859481e+00 0.000000000000000000e+00 1.056501340717471260e+00 9.953822684111456320e-01
6.850000000000022737e+00 9.947337624341719975e-01 0.000000000000000000e+00 1.058188457359899193e+00 9.960634922722279017e-01
7.050000000000011369e+00 1.170275014628437749e+00 0.000000000000000000e+00 1.059681409207172909e+00 9.966442196146236832e-01
7.250000000000000000e+00 9.362200117027501545e-01 0.000000000000000000e+00 1.061003769629713656e+00 9.971392760350936690e-01
7.450000000000017053e+00 1.345816266822703389e+00 0.000000000000000000e+00 1.062176251575403185e+00 9.975613000066834157e-01
7.650000000000005684e+00 9.947337624341719975e-01 0.000000000000000000e+00 1.063217054658839755e+00 9.979210655308377032e-01
7.850000000000022737e+00 1.345816266822703389e+00 0.000000000000000000e+00 1.064142170134112275e+00 9.982277571907509639e-01
8.050000000000011369e+00 1.345816266822703389e+00 0.000000000000000000e+00 1.064965648861580183e+00 9.984892046278878164e-01
8.250000000000000000e+00 9.362200117027501545e-01 0.000000000000000000e+00 1.065699836759046448e+00 9.987120824277103681e-01
8.450000000000017053e+00 1.170275014628437749e+00 0.000000000000000000e+00 1.066355581682823850e+00 9.989020805175665707e-01
8.650000000000005684e+00 6.436512580456407173e-01 0.000000000000000000e+00 1.066942415205452965e+00 9.990640494268868688e-01
8.850000000000022737e+00 1.696898771211234669e+00 0.000000000000000000e+00 1.067468712336155479e+00 9.992021241180917279e-01
9.050000000000011369e+00 1.053247513165593841e+00 0.000000000000000000e+00 1.067941831860499624e+00 9.993198295495312466e-01
9.250000000000000000e+00 1.228788765359859481e+00 0.000000000000000000e+00 1.068368239650974161e+00 9.994201706654117778e-01
9.450000000000017053e+00 9.362200117027501545e-01 0.000000000000000000e+00 1.068753617014821744e+00 9.995057091100952862e-01
9.650000000000005684e+00 1.521357519016969029e+00 0.000000000000000000e+00 1.069102955894730256e+00 9.995786286252380526e-01
9.850000000000022737e+00 1.404330017554125121e+00 0.000000000000000000e+00 1.069420642517691977e+00 9.996407907993145603e-01
1.005000000000001137e+01 9.362200117027501545e-01 0.000000000000000000e+00 1.069710530893743350e+00 9.996937825927781907e-01
1.025000000000000000e+01 8.777062609713283114e-01 0.000000000000000000e+00 1.069976007396227446e+00 9.997389568521443115e-01
1.045000000000001705e+01 9.947337624341719975e-01 0.000000000000000000e+00 1.070220047505759720e+00 9.997774668472945159e-01
1.065000000000000568e+01 1.053247513165593841e+00 0.000000000000000000e+00 1.070445265668772405e+00 9.998102957137168234e-01
1.085000000000002274e+01 1.053247513165593841e+00 0.000000000000000000e+00 1.070653959106124598e+00 9.998382815513253696e-01
1.105000000000001137e+01 7.021650087770625603e-01 0.000000000000000000e+00 1.070848146305891424e+00 9.998621388206132554e-01
1.125000000000000000e+01 9.362200117027501545e-01 0.000000000000000000e+00 1.071029600845362584e+00 9.998824765823709493e-01
1.145000000000001705e+01 1.170275014628437749e+00 0.000000000000000000e+00 1.071199881109013763e+00 9.998998140466180962e-01
1.165000000000000568e+01 8.777062609713283114e-01 0.000000000000000000e+00 1.071360356400442360e+00 9.999145938277024248e-01
1.185000000000002274e+01 1.228788765359859481e+00 0.000000000000000000e+00 1.071512229885829504e+00 9.999271932439597332e-01
1.205000000000001137e+01 5.851375073142188743e-01 0.000000000000000000e+00 1.071656558753397714e+00 9.999379339504101960e-01
1.225000000000000000e+01 9.362200117027501545e-01 0.000000000000000000e+00 1.071794271926681308e+00 9.999470901504036169e-01
1.245000000000001705e+01 8.777062609713283114e-01 0.000000000000000000e+00 1.071926185628433226e+00 9.999548955958561525e-01
1.265000000000000568e+01 4.681100058513750772e-01 0.000000000000000000e+00 1.072053017055978330e+00 9.999615495547863331e-01
1.285000000000002274e+01 7.021650087770625603e-01 0.000000000000000000e+00 1.072175396397171632e+00 9.999672218984998473e-01
1.305000000000001137e+01 9.362200117027501545e-01 0.000000000000000000e+00 1.072293877388317274e+00 9.999720574382953142e-01
1.325000000000000000e+01 1.462843768285547075e+00 0.000000000000000000e+00 1.072408946590969858e+00 9.999761796224038157e-01
1.345000000000001705e+01 9.362200117027501545e-01 0.000000000000000000e+00 1.072521031543068881e+00 9.999796936875430253e-01
1.365000000000000568e+01 1.053247513165593841e+00 0.000000000000000000e+00 1.072630507920999676e+00 9.999826893455431298e-01
1.385000000000002274e+01 9.362200117027501545e-01 0.000000000000000000e+00 1.072737705832597088e+00 9.999852430736323461e-01
1.405000000000001137e+01 7.606787595084845144e-01 0.000000000000000000e+00 1.072842915346541970e+00 9.999874200668517066e-01
1.425000000000000000e+01 1.345816266822703389e+00 0.000000000000000000e+00 1.072946391350810602e+00 9.999892759024425759e-01
1.445000000000001705e+01 1.170275014628437749e+00 0.000000000000000000e+00 1.073048357821591248e+00 9.999908579586976876e-01
1.465000000000000568e+01 8.191925102399063574e-01 0.000000000000000000e+00 1.073149011574200840e+00 9.999922066244991692e-01
1.485000000000002274e+01 9.362200117027501545e-01 0.000000000000000000e+00 1.073248525558858857e+00 9.999933563304201911e-01
1.505000000000001137e+01 1.638385020479812715e+00 0.000000000000000000e+00 1.073347051756546433e+00 9.999943364277159574e-01
1.525000000000000000e+01 9.947337624341719975e-01 0.000000000000000000e+00 1.073444723723473881e+00 9.999951719376420911e-01
1.545000000000001705e+01 1.053247513165593841e+00 0.000000000000000000e+00 1.073541658826799861e+00 9.999958841902314433e-01
1.565000000000000568e+01 4.095962551199531787e-01 0.000000000000000000e+00 1.073637960209063991e+00 9.999964913688359491e-01
1.585000000000002274e+01 1.053247513165593841e+00 0.000000000000000000e+00 1.073733718514249258e+00 9.999970089743360768e-01
1.605000000000001137e+01 7.021650087770625603e-01 0.000000000000000000e+00 1.073829013404403288e+00 9.999974502208686111e-01
1.625000000000000000e+01 1.345816266822703389e+00 0.000000000000000000e+00 1.073923914892228604e+00 9.999978263731743588e-01
1.645000000000001705e+01 1.404330017554125121e+00 0.000000000000000000e+00 1.074018484511973570e+00 9.999981470341807732e-01
1.665000000000000568e+01 1.404330017554125121e+00 0.000000000000000000e+00 1.074112776348245646e+00 9.999984203901577384e-01
1.685000000000002274e+01 1.287302516091281435e+00 0.000000000000000000e+00 1.074206837939986281e+00 9.999986534197080612e-01
1.705000000000001137e+01 1.287302516091281435e+00 0.000000000000000000e+00 1.074300711074756443e+00 9.999988520719268470e-01
1.725000000000000000e+01 1.579871269748390983e+00 0.000000000000000000e+00 1.074394432486640794e+00 9.999990214182777892e-01
1.745000000000001705e+01 1.053247513165593841e+00 0.000000000000000000e+00 1.074488034469467390e+00 9.999991657820647140e-01
1.765000000000000568e+01 1.228788765359859481e+00 0.000000000000000000e+00 1.074581545415618677e+00 9.999992888488025145e-01
1.785000000000002274e+01 8.191925102399063574e-01 0.000000000000000000e+00 1.074674990289461673e+00 9.999993937603062211e-01
1.805000000000001137e+01 9.362200117027501545e-01 0.000000000000000000e+00 1.074768391043330995e+00 9.999994831948991747e-01
1.825000000000000000e+01 8.777062609713283114e-01 0.000000000000000000e+00 1.074861766983035816e+00 9.999995594357892204e-01
1.845000000000001705e+01 1.111761263897015795e+00 0.000000000000000000e+00 1.074955135089016078e+00 9.999996244293573033e-01
1.865000000000000568e+01 1.111761263897015795e+00 0.000000000000000000e+00 1.075048510298528548e+00 9.999996798348477212e-01
1.885000000000002274e+01 8.191925102399063574e-01 0.000000000000000000e+00 1.075141905753591587e+00 9.999997270667271287e-01
1.905000000000001137e+01 1.287302516091281435e+00 0.000000000000000000e+00 1.075235333018844441e+00 9.999997673307949864e-01
1.925000000000000000e+01 1.521357519016969029e+00 0.000000000000000000e+00 1.075328802272971007e+00 9.999998016549671576e-01
1.945000000000001705e+01 8.191925102399063574e-01 0.000000000000000000e+00 1.075422322476896175e+00 9.999998309155178067e-01
1.965000000000000568e+01 1.111761263897015795e+00 0.000000000000000000e+00 1.075515901521570727e+00 9.999998558594500597e-01
1.985000000000002274e+01 1.170275014628437749e+00 0.000000000000000000e+00 1.075609546357827906e+00 9.999998771235664163e-01
