8.847782E+2	4.000000E+0
8.847871E+2	-2.000000E+0
8.847960E+2	5.000000E+0
8.848050E+2	2.000000E+0
8.848139E+2	-7.000000E+0
8.848229E+2	4.000000E+0
8.848318E+2	3.000000E+0
8.848407E+2	1.000000E+0
8.848497E+2	5.000000E+0
8.848586E+2	1.000000E+0
8.848675E+2	-4.000000E+0
8.848765E+2	6.000000E+0
8.848854E+2	0.000000E+0
8.848943E+2	3.000000E+0
8.849032E+2	2.000000E+0
8.849122E+2	-1.000000E+0
8.849211E+2	8.000000E+0
8.849300E+2	-3.000000E+0
8.849390E+2	-5.000000E+0
8.849479E+2	3.000000E+0
8.849568E+2	2.000000E+0
8.849658E+2	-1.000000E+0
8.849747E+2	5.000000E+0
8.849836E+2	2.000000E+0
8.849926E+2	-3.000000E+0
8.850015E+2	1.000000E+0
8.850104E+2	0.000000E+0
8.850193E+2	1.000000E+0
8.850283E+2	1.000000E+1
8.850372E+2	3.000000E+0
8.850461E+2	-2.000000E+0
8.850551E+2	2.000000E+0
8.850640E+2	-2.000000E+0
8.850729E+2	-1.000000E+0
8.850818E+2	3.000000E+0
8.850908E+2	2.000000E+0
8.850997E+2	2.000000E+0
8.851086E+2	-2.000000E+0
8.851176E+2	4.000000E+0
8.851265E+2	3.000000E+0
8.851354E+2	6.000000E+0
8.851443E+2	-5.000000E+0
8.851533E+2	-7.000000E+0
8.851622E+2	5.000000E+0
8.851711E+2	3.000000E+0
8.851801E+2	7.000000E+0
8.851890E+2	7.000000E+0
8.851979E+2	-5.000000E+0
8.852068E+2	9.000000E+0
8.852158E+2	1.000000E+0
8.852247E+2	-4.000000E+0
8.852336E+2	-3.000000E+0
8.852426E+2	-2.000000E+0
8.852515E+2	4.000000E+0
8.852604E+2	1.000000E+1
8.852693E+2	-3.000000E+0
8.852783E+2	4.000000E+0
8.852872E+2	0.000000E+0
8.852961E+2	4.000000E+0
8.853051E+2	5.000000E+0
8.853140E+2	5.000000E+0
8.853229E+2	2.000000E+0
8.853318E+2	-5.000000E+0
8.853408E+2	0.000000E+0
8.853497E+2	5.000000E+0
8.853586E+2	-1.000000E+0
8.853675E+2	-1.000000E+0
8.853765E+2	1.000000E+0
8.853854E+2	0.000000E+0
8.853943E+2	7.000000E+0
8.854032E+2	6.000000E+0
8.854122E+2	-6.000000E+0
8.854211E+2	2.000000E+0
8.854300E+2	1.000000E+0
8.854389E+2	5.000000E+0
8.854479E+2	1.000000E+1
8.854568E+2	4.000000E+0
8.854657E+2	2.000000E+0
8.854746E+2	6.000000E+0
8.854836E+2	4.000000E+0
8.854925E+2	1.000000E+0
8.855014E+2	4.000000E+0
8.855103E+2	3.000000E+0
8.855192E+2	9.000000E+0
8.855282E+2	4.000000E+0
8.855371E+2	9.000000E+0
8.855460E+2	3.000000E+0
8.855549E+2	1.000000E+0
8.855639E+2	-6.000000E+0
8.855728E+2	1.400000E+1
8.855817E+2	-5.000000E+0
8.855906E+2	5.000000E+0
8.855995E+2	4.000000E+0
8.856085E+2	3.000000E+0
8.856174E+2	2.000000E+1
8.856263E+2	1.100000E+1
8.856353E+2	8.000000E+0
8.856442E+2	1.300000E+1
8.856531E+2	1.000000E+0
8.856620E+2	2.000000E+0
8.856710E+2	1.600000E+1
8.856799E+2	1.100000E+1
8.856888E+2	8.000000E+0
8.856978E+2	1.200000E+1
8.857067E+2	1.400000E+1
8.857156E+2	1.100000E+1
8.857245E+2	1.200000E+1
8.857334E+2	1.300000E+1
8.857424E+2	1.500000E+1
8.857513E+2	6.000000E+0
8.857602E+2	6.000000E+0
8.857691E+2	1.200000E+1
8.857780E+2	1.300000E+1
8.857869E+2	5.000000E+0
8.857959E+2	2.000000E+0
8.858048E+2	-3.000000E+0
8.858137E+2	-5.000000E+0
8.858226E+2	1.200000E+1
8.858315E+2	0.000000E+0
8.858405E+2	-1.000000E+0
8.858494E+2	4.000000E+0
8.858583E+2	8.000000E+0
8.858672E+2	2.000000E+0
8.858762E+2	4.000000E+0
8.858851E+2	6.000000E+0
8.858940E+2	4.000000E+0
8.859030E+2	0.000000E+0
8.859119E+2	7.000000E+0
8.859208E+2	4.000000E+0
8.859297E+2	7.000000E+0
8.859386E+2	9.000000E+0
8.859475E+2	5.000000E+0
8.859565E+2	1.100000E+1
8.859654E+2	-1.000000E+0
8.859743E+2	1.000000E+1
8.859832E+2	-1.000000E+0
8.859921E+2	-5.000000E+0
8.860010E+2	1.400000E+1
8.860099E+2	-4.000000E+0
8.860189E+2	4.000000E+0
8.860278E+2	3.000000E+0
8.860367E+2	6.000000E+0
8.860457E+2	-5.000000E+0
8.860546E+2	7.000000E+0
8.860635E+2	0.000000E+0
8.860724E+2	5.000000E+0
8.860814E+2	4.000000E+0
8.860903E+2	-1.000000E+0
8.860992E+2	-7.000000E+0
8.861081E+2	1.000000E+1
8.861170E+2	-1.000000E+0
8.861259E+2	3.000000E+0
8.861348E+2	1.100000E+1
8.861437E+2	1.000000E+1
8.861527E+2	1.000000E+0
8.861616E+2	-2.000000E+0
8.861705E+2	-1.000000E+0
8.861794E+2	2.000000E+0
8.861884E+2	-5.000000E+0
8.861973E+2	4.000000E+0
8.862062E+2	3.000000E+0
8.862151E+2	6.000000E+0
8.862240E+2	-9.000000E+0
8.862330E+2	4.000000E+0
8.862419E+2	2.000000E+0
8.862508E+2	7.000000E+0
8.862597E+2	9.000000E+0
8.862686E+2	-1.000000E+0
8.862775E+2	-5.000000E+0
8.862864E+2	8.000000E+0
8.862953E+2	9.000000E+0
8.863043E+2	1.000000E+0
8.863132E+2	-1.000000E+0
8.863221E+2	0.000000E+0
8.863311E+2	1.100000E+1
8.863400E+2	4.000000E+0
8.863489E+2	1.000000E+0
8.863578E+2	9.000000E+0
8.863667E+2	5.000000E+0
8.863756E+2	-1.000000E+0
8.863845E+2	1.000000E+1
8.863934E+2	-2.000000E+0
8.864023E+2	5.000000E+0
8.864113E+2	9.000000E+0
8.864202E+2	1.000000E+0
8.864291E+2	-6.000000E+0
8.864380E+2	3.000000E+0
8.864470E+2	0.000000E+0
8.864559E+2	2.000000E+0
8.864648E+2	3.000000E+0
8.864737E+2	-5.000000E+0
8.864826E+2	7.000000E+0
8.864915E+2	7.000000E+0
8.865004E+2	6.000000E+0
8.865093E+2	0.000000E+0
8.865182E+2	-9.000000E+0
8.865272E+2	7.000000E+0
8.865361E+2	3.000000E+0
8.865450E+2	4.000000E+0
8.865539E+2	-1.000000E+0
8.865628E+2	-3.000000E+0
8.865717E+2	-1.000000E+0
8.865807E+2	6.000000E+0
8.865896E+2	5.000000E+0
8.865985E+2	5.000000E+0
8.866074E+2	9.000000E+0
8.866163E+2	0.000000E+0
8.866252E+2	6.000000E+0
8.866342E+2	0.000000E+0
8.866431E+2	2.000000E+0
8.866520E+2	1.300000E+1
8.866609E+2	4.000000E+0
8.866698E+2	-3.000000E+0
8.866787E+2	1.200000E+1
8.866876E+2	4.000000E+0
8.866965E+2	8.000000E+0
8.867054E+2	6.000000E+0
8.867144E+2	6.000000E+0
8.867233E+2	5.000000E+0
8.867322E+2	6.000000E+0
8.867411E+2	8.000000E+0
8.867500E+2	1.200000E+1
8.867589E+2	8.000000E+0
8.867678E+2	1.200000E+1
8.867767E+2	8.000000E+0
8.867856E+2	4.000000E+0
8.867946E+2	3.000000E+0
8.868035E+2	9.000000E+0
8.868124E+2	1.000000E+0
8.868213E+2	4.000000E+0
8.868302E+2	8.000000E+0
8.868391E+2	7.000000E+0
8.868480E+2	2.000000E+0
8.868569E+2	1.000000E+1
8.868658E+2	4.000000E+0
8.868748E+2	4.000000E+0
8.868837E+2	-4.000000E+0
8.868926E+2	1.000000E+0
8.869015E+2	-7.000000E+0
8.869104E+2	1.000000E+0
8.869193E+2	8.000000E+0
8.869282E+2	1.000000E+0
8.869371E+2	4.000000E+0
8.869460E+2	0.000000E+0
8.869550E+2	1.100000E+1
8.869639E+2	6.000000E+0
8.869728E+2	2.000000E+0
8.869817E+2	8.000000E+0
8.869906E+2	1.000000E+0
8.869995E+2	-1.000000E+0
8.870084E+2	2.000000E+0
8.870173E+2	1.300000E+1
8.870262E+2	2.200000E+1
8.870352E+2	4.000000E+0
8.870441E+2	6.000000E+0
8.870530E+2	1.000000E+0
8.870619E+2	1.900000E+1
8.870708E+2	-3.000000E+0
8.870797E+2	-1.000000E+0
8.870886E+2	-2.000000E+0
8.870975E+2	5.000000E+0
8.871064E+2	5.000000E+0
8.871154E+2	4.000000E+0
8.871243E+2	1.100000E+1
8.871332E+2	-2.000000E+0
8.871421E+2	5.000000E+0
8.871510E+2	1.000000E+1
8.871599E+2	-1.000000E+0
8.871688E+2	3.000000E+0
8.871777E+2	0.000000E+0
8.871866E+2	1.000000E+1
8.871955E+2	3.000000E+0
8.872044E+2	3.000000E+0
8.872133E+2	1.200000E+1
8.872222E+2	4.000000E+0
8.872311E+2	3.000000E+0
8.872401E+2	5.000000E+0
8.872490E+2	0.000000E+0
8.872579E+2	1.600000E+1
8.872668E+2	9.000000E+0
8.872757E+2	0.000000E+0
8.872846E+2	3.000000E+0
8.872935E+2	1.000000E+0
8.873024E+2	1.300000E+1
8.873113E+2	-6.000000E+0
8.873202E+2	7.000000E+0
8.873291E+2	7.000000E+0
8.873380E+2	9.000000E+0
8.873469E+2	-3.000000E+0
8.873558E+2	1.000000E+1
8.873647E+2	4.000000E+0
8.873737E+2	-1.000000E+0
8.873826E+2	2.000000E+0
8.873915E+2	5.000000E+0
8.874004E+2	-3.000000E+0
8.874093E+2	1.000000E+1
8.874182E+2	1.100000E+1
8.874271E+2	1.000000E+0
8.874360E+2	0.000000E+0
8.874449E+2	3.000000E+0
8.874538E+2	0.000000E+0
8.874627E+2	5.000000E+0
8.874716E+2	-1.000000E+0
8.874805E+2	1.000000E+0
8.874894E+2	6.000000E+0
8.874984E+2	0.000000E+0
8.875072E+2	-1.000000E+0
8.875161E+2	7.000000E+0
8.875250E+2	2.000000E+0
8.875339E+2	5.000000E+0
8.875428E+2	4.000000E+0
8.875518E+2	5.000000E+0
8.875607E+2	-4.000000E+0
8.875696E+2	1.500000E+1
8.875785E+2	1.000000E+0
8.875873E+2	7.000000E+0
8.875963E+2	-6.000000E+0
8.876052E+2	2.000000E+0
8.876141E+2	1.000000E+0
8.876230E+2	4.000000E+0
8.876319E+2	-2.000000E+0
8.876408E+2	0.000000E+0
8.876497E+2	-1.000000E+0
8.876586E+2	-1.000000E+0
8.876675E+2	0.000000E+0
8.876764E+2	3.000000E+0
8.876853E+2	-3.000000E+0
8.876942E+2	4.000000E+0
8.877031E+2	1.000000E+0
8.877120E+2	-3.000000E+0
8.877209E+2	6.000000E+0
8.877298E+2	3.000000E+0
8.877387E+2	9.000000E+0
8.877476E+2	-1.000000E+0
8.877565E+2	5.000000E+0
8.877654E+2	5.000000E+0
8.877744E+2	0.000000E+0
8.877832E+2	4.000000E+0
8.877921E+2	-2.000000E+0
8.878010E+2	9.000000E+0
8.878099E+2	8.000000E+0
8.878188E+2	2.000000E+0
8.878278E+2	1.100000E+1
8.878366E+2	1.000000E+1
8.878455E+2	1.400000E+1
8.878544E+2	6.000000E+0
8.878633E+2	9.000000E+0
8.878723E+2	1.700000E+1
8.878812E+2	9.000000E+0
8.878900E+2	0.000000E+0
8.878989E+2	1.200000E+1
8.879078E+2	1.000000E+0
8.879167E+2	6.000000E+0
8.879257E+2	-5.000000E+0
8.879346E+2	6.000000E+0
8.879434E+2	4.000000E+0
8.879523E+2	3.000000E+0
8.879612E+2	1.100000E+1
8.879702E+2	1.400000E+1
8.879791E+2	4.000000E+0
8.879879E+2	1.000000E+0
8.879968E+2	7.000000E+0
8.880057E+2	9.000000E+0
8.880146E+2	8.000000E+0
8.880236E+2	3.000000E+0
8.880324E+2	1.200000E+1
8.880413E+2	-3.000000E+0
8.880502E+2	-1.000000E+0
8.880591E+2	8.000000E+0
8.880681E+2	1.000000E+0
8.880769E+2	8.000000E+0
8.880858E+2	2.000000E+0
8.880947E+2	-4.000000E+0
8.881036E+2	-6.000000E+0
8.881125E+2	1.500000E+1
8.881214E+2	3.000000E+0
8.881303E+2	8.000000E+0
8.881392E+2	1.200000E+1
8.881481E+2	3.000000E+0
8.881570E+2	8.000000E+0
8.881659E+2	3.000000E+0
8.881748E+2	-3.000000E+0
8.881837E+2	4.000000E+0
8.881926E+2	3.000000E+0
8.882015E+2	-6.000000E+0
8.882104E+2	7.000000E+0
8.882193E+2	5.000000E+0
8.882282E+2	7.000000E+0
8.882371E+2	8.000000E+0
8.882460E+2	5.000000E+0
8.882549E+2	-2.000000E+0
8.882638E+2	-6.000000E+0
8.882727E+2	-2.000000E+0
8.882816E+2	-5.000000E+0
8.882905E+2	7.000000E+0
8.882994E+2	1.000000E+0
8.883083E+2	6.000000E+0
8.883171E+2	8.000000E+0
8.883260E+2	8.000000E+0
8.883350E+2	-2.000000E+0
8.883439E+2	1.100000E+1
8.883527E+2	2.000000E+0
8.883616E+2	1.300000E+1
8.883705E+2	1.200000E+1
8.883795E+2	1.000000E+0
8.883883E+2	1.400000E+1
8.883972E+2	5.000000E+0
8.884061E+2	3.000000E+0
8.884150E+2	0.000000E+0
8.884239E+2	5.000000E+0
8.884328E+2	4.000000E+0
8.884417E+2	1.200000E+1
8.884506E+2	1.000000E+1
8.884595E+2	1.300000E+1
8.884684E+2	8.000000E+0
8.884773E+2	3.000000E+0
8.884862E+2	1.000000E+1
8.884951E+2	4.000000E+0
8.885040E+2	8.000000E+0
8.885129E+2	-5.000000E+0
8.885217E+2	-2.000000E+0
8.885306E+2	3.000000E+0
8.885396E+2	1.600000E+1
8.885485E+2	7.000000E+0
8.885573E+2	1.500000E+1
8.885662E+2	8.000000E+0
8.885751E+2	3.000000E+0
8.885840E+2	1.000000E+1
8.885929E+2	2.000000E+0
8.886018E+2	-3.000000E+0
8.886107E+2	0.000000E+0
8.886196E+2	6.000000E+0
8.886285E+2	7.000000E+0
8.886374E+2	2.000000E+0
8.886462E+2	1.000000E+1
8.886552E+2	5.000000E+0
8.886641E+2	-3.000000E+0
8.886729E+2	7.000000E+0
8.886818E+2	-1.000000E+0
8.886907E+2	1.000000E+1
8.886996E+2	4.000000E+0
8.887085E+2	4.000000E+0
8.887174E+2	1.000000E+0
8.887263E+2	2.000000E+0
8.887352E+2	-1.000000E+0
8.887441E+2	1.100000E+1
8.887530E+2	1.000000E+0
8.887618E+2	4.000000E+0
8.887708E+2	6.000000E+0
8.887797E+2	0.000000E+0
8.887885E+2	-1.000000E+0
8.887974E+2	3.000000E+0
8.888063E+2	1.000000E+1
8.888152E+2	5.000000E+0
8.888241E+2	3.000000E+0
8.888330E+2	3.000000E+0
8.888419E+2	0.000000E+0
8.888508E+2	-2.000000E+0
8.888597E+2	4.000000E+0
8.888685E+2	3.000000E+0
8.888774E+2	7.000000E+0
8.888864E+2	-9.000000E+0
8.888952E+2	2.000000E+0
8.889041E+2	7.000000E+0
8.889130E+2	-1.000000E+0
8.889219E+2	1.000000E+0
8.889308E+2	-3.000000E+0
8.889397E+2	-1.000000E+0
8.889485E+2	4.000000E+0
8.889575E+2	5.000000E+0
8.889664E+2	7.000000E+0
8.889752E+2	2.000000E+0
8.889841E+2	2.000000E+0
8.889930E+2	3.000000E+0
8.890019E+2	-3.000000E+0
8.890108E+2	6.000000E+0
8.890197E+2	4.000000E+0
8.890286E+2	-2.000000E+0
8.890375E+2	1.000000E+1
8.890463E+2	5.000000E+0
8.890552E+2	7.000000E+0
8.890641E+2	-2.000000E+0
8.890730E+2	2.000000E+0
8.890819E+2	-1.000000E+0
8.890908E+2	0.000000E+0
8.890997E+2	8.000000E+0
8.891086E+2	-1.000000E+0
8.891174E+2	0.000000E+0
8.891263E+2	1.200000E+1
8.891353E+2	-4.000000E+0
8.891441E+2	-4.000000E+0
8.891530E+2	9.000000E+0
8.891619E+2	3.000000E+0
8.891708E+2	-4.000000E+0
8.891797E+2	6.000000E+0
8.891885E+2	1.300000E+1
8.891974E+2	0.000000E+0
8.892064E+2	1.000000E+1
8.892152E+2	1.400000E+1
8.892241E+2	1.000000E+1
8.892330E+2	4.000000E+0
8.892419E+2	-4.000000E+0
8.892508E+2	4.000000E+0
8.892596E+2	1.100000E+1
8.892686E+2	7.000000E+0
8.892774E+2	-3.000000E+0
8.892863E+2	1.000000E+1
8.892952E+2	8.000000E+0
8.893041E+2	-5.000000E+0
8.893130E+2	1.200000E+1
8.893218E+2	2.000000E+0
8.893307E+2	2.000000E+0
8.893396E+2	6.000000E+0
8.893485E+2	0.000000E+0
8.893574E+2	6.000000E+0
8.893663E+2	-3.000000E+0
8.893752E+2	-7.000000E+0
8.893840E+2	3.000000E+0
8.893929E+2	-4.000000E+0
8.894019E+2	1.200000E+1
8.894107E+2	1.000000E+0
8.894196E+2	9.000000E+0
8.894285E+2	2.000000E+0
8.894374E+2	7.000000E+0
8.894462E+2	4.000000E+0
8.894551E+2	1.100000E+1
8.894640E+2	0.000000E+0
8.894729E+2	0.000000E+0
8.894818E+2	2.000000E+0
8.894907E+2	-4.000000E+0
8.894996E+2	4.000000E+0
8.895084E+2	-1.000000E+0
8.895173E+2	1.000000E+0
8.895262E+2	-4.000000E+0
8.895351E+2	3.000000E+0
8.895439E+2	0.000000E+0
8.895529E+2	5.000000E+0
8.895618E+2	3.000000E+0
8.895706E+2	3.000000E+0
8.895795E+2	4.000000E+0
8.895884E+2	-4.000000E+0
8.895973E+2	6.000000E+0
8.896061E+2	5.000000E+0
8.896151E+2	1.000000E+0
8.896239E+2	-2.000000E+0
8.896328E+2	5.000000E+0
8.896417E+2	-2.000000E+0
8.896506E+2	-3.000000E+0
8.896594E+2	0.000000E+0
8.896683E+2	3.000000E+0
8.896772E+2	0.000000E+0
8.896861E+2	6.000000E+0
8.896950E+2	5.000000E+0
8.897039E+2	9.000000E+0
8.897128E+2	8.000000E+0
8.897216E+2	0.000000E+0
8.897305E+2	7.000000E+0
8.897394E+2	-1.000000E+0
8.897483E+2	5.000000E+0
8.897571E+2	3.000000E+0
8.897661E+2	8.000000E+0
8.897749E+2	0.000000E+0
8.897838E+2	7.000000E+0
8.897927E+2	6.000000E+0
8.898016E+2	8.000000E+0
8.898104E+2	6.000000E+0
8.898193E+2	4.000000E+0
8.898282E+2	1.500000E+1
8.898371E+2	7.000000E+0
8.898459E+2	9.000000E+0
8.898549E+2	5.000000E+0
8.898637E+2	3.000000E+0
8.898726E+2	4.000000E+0
8.898815E+2	1.200000E+1
8.898904E+2	-4.000000E+0
8.898992E+2	8.000000E+0
8.899081E+2	-1.000000E+0
8.899170E+2	1.000000E+0
8.899259E+2	6.000000E+0
8.899348E+2	1.600000E+1
8.899437E+2	-1.000000E+0
8.899525E+2	9.000000E+0
8.899614E+2	-1.000000E+0
8.899703E+2	0.000000E+0
8.899792E+2	0.000000E+0
8.899880E+2	9.000000E+0
8.899969E+2	-3.000000E+0
8.900058E+2	1.000000E+0
8.900146E+2	4.000000E+0
8.900236E+2	2.000000E+0
8.900324E+2	1.000000E+0
8.900413E+2	-1.100000E+1
8.900502E+2	1.200000E+1
8.900591E+2	-1.000000E+0
8.900679E+2	-4.000000E+0
8.900768E+2	5.000000E+0
8.900857E+2	7.000000E+0
8.900946E+2	5.000000E+0
8.901035E+2	3.000000E+0
8.901123E+2	-2.000000E+0
8.901212E+2	9.000000E+0
8.901301E+2	1.000000E+0
8.901390E+2	1.100000E+1
8.901478E+2	1.000000E+0
8.901567E+2	1.000000E+1
8.901656E+2	-1.000000E+0
8.901745E+2	3.000000E+0
8.901833E+2	1.500000E+1
8.901922E+2	1.200000E+1
8.902011E+2	5.000000E+0
8.902100E+2	4.000000E+0
8.902189E+2	0.000000E+0
8.902277E+2	8.000000E+0
8.902366E+2	5.000000E+0
8.902455E+2	8.000000E+0
8.902544E+2	6.000000E+0
8.902632E+2	1.800000E+1
8.902721E+2	1.800000E+1
8.902810E+2	1.700000E+1
8.902899E+2	1.600000E+1
8.902988E+2	1.400000E+1
8.903076E+2	1.000000E+1
8.903165E+2	1.800000E+1
8.903254E+2	1.900000E+1
8.903342E+2	2.300000E+1
8.903431E+2	1.500000E+1
8.903520E+2	1.900000E+1
8.903609E+2	-1.000000E+0
8.903698E+2	1.500000E+1
8.903786E+2	1.000000E+0
8.903875E+2	1.900000E+1
8.903964E+2	-2.000000E+0
8.904053E+2	6.000000E+0
8.904141E+2	2.000000E+0
8.904230E+2	1.300000E+1
8.904319E+2	6.000000E+0
8.904407E+2	4.000000E+0
8.904496E+2	7.000000E+0
8.904585E+2	-6.000000E+0
8.904673E+2	1.000000E+1
8.904763E+2	9.000000E+0
8.904851E+2	1.500000E+1
8.904940E+2	9.000000E+0
8.905029E+2	3.000000E+0
8.905117E+2	1.000000E+0
8.905206E+2	-1.000000E+0
8.905295E+2	5.000000E+0
8.905383E+2	8.000000E+0
8.905472E+2	7.000000E+0
8.905561E+2	5.000000E+0
8.905650E+2	3.000000E+0
8.905739E+2	0.000000E+0
8.905827E+2	8.000000E+0
8.905916E+2	1.100000E+1
8.906005E+2	5.000000E+0
8.906093E+2	3.000000E+0
8.906182E+2	4.000000E+0
8.906271E+2	2.000000E+0
8.906359E+2	1.700000E+1
8.906448E+2	1.000000E+1
8.906537E+2	1.700000E+1
8.906626E+2	-6.000000E+0
8.906714E+2	6.000000E+0
8.906803E+2	8.000000E+0
8.906892E+2	7.000000E+0
8.906981E+2	1.300000E+1
8.907069E+2	1.100000E+1
8.907158E+2	5.000000E+0
8.907247E+2	3.000000E+0
8.907335E+2	6.000000E+0
8.907424E+2	1.000000E+1
8.907513E+2	1.400000E+1
8.907601E+2	1.400000E+1
8.907690E+2	9.000000E+0
8.907779E+2	1.500000E+1
8.907867E+2	1.200000E+1
8.907957E+2	1.100000E+1
8.908045E+2	1.500000E+1
8.908134E+2	1.100000E+1
8.908223E+2	1.100000E+1
8.908311E+2	5.000000E+0
8.908400E+2	5.000000E+0
8.908489E+2	1.000000E+1
8.908577E+2	2.000000E+0
8.908666E+2	1.700000E+1
8.908755E+2	-1.000000E+0
8.908843E+2	2.000000E+0
8.908932E+2	9.000000E+0
8.909021E+2	6.000000E+0
8.909109E+2	4.000000E+0
8.909198E+2	7.000000E+0
8.909287E+2	5.000000E+0
8.909376E+2	7.000000E+0
8.909464E+2	1.000000E+0
8.909553E+2	1.100000E+1
8.909642E+2	3.000000E+0
8.909730E+2	1.200000E+1
8.909819E+2	4.000000E+0
8.909908E+2	1.200000E+1
8.909996E+2	7.000000E+0
8.910085E+2	5.000000E+0
8.910174E+2	8.000000E+0
8.910262E+2	7.000000E+0
8.910351E+2	1.700000E+1
8.910440E+2	1.500000E+1
8.910529E+2	4.000000E+0
8.910617E+2	9.000000E+0
8.910706E+2	2.200000E+1
8.910795E+2	4.000000E+0
8.910883E+2	1.100000E+1
8.910972E+2	2.300000E+1
8.911061E+2	1.200000E+1
8.911149E+2	1.500000E+1
8.911238E+2	1.600000E+1
8.911326E+2	4.500000E+1
8.911415E+2	7.600000E+1
8.911504E+2	1.350000E+2
8.911592E+2	1.910000E+2
8.911681E+2	2.170000E+2
8.911770E+2	2.660000E+2
8.911859E+2	2.690000E+2
8.911947E+2	2.540000E+2
8.912036E+2	2.880000E+2
8.912125E+2	2.500000E+2
8.912213E+2	2.040000E+2
8.912302E+2	1.530000E+2
8.912391E+2	1.290000E+2
8.912479E+2	6.900000E+1
8.912568E+2	5.400000E+1
8.912656E+2	2.900000E+1
8.912745E+2	2.700000E+1
8.912834E+2	1.700000E+1
8.912922E+2	1.900000E+1
8.913011E+2	1.100000E+1
8.913100E+2	1.300000E+1
8.913188E+2	2.500000E+1
8.913277E+2	1.200000E+1
8.913365E+2	2.400000E+1
8.913455E+2	1.800000E+1
8.913543E+2	1.400000E+1
8.913632E+2	-4.000000E+0
8.913720E+2	1.200000E+1
8.913809E+2	8.000000E+0
8.913898E+2	8.000000E+0
8.913986E+2	1.700000E+1
8.914075E+2	7.000000E+0
8.914163E+2	1.500000E+1
8.914252E+2	1.400000E+1
8.914341E+2	8.000000E+0
8.914429E+2	8.000000E+0
8.914518E+2	9.000000E+0
8.914607E+2	1.300000E+1
8.914695E+2	1.800000E+1
8.914784E+2	1.000000E+1
8.914872E+2	-2.000000E+0
8.914961E+2	1.300000E+1
8.915050E+2	1.900000E+1
8.915139E+2	1.100000E+1
8.915227E+2	7.000000E+0
8.915316E+2	8.000000E+0
8.915404E+2	1.700000E+1
8.915493E+2	1.800000E+1
8.915582E+2	2.600000E+1
8.915670E+2	3.400000E+1
8.915759E+2	3.500000E+1
8.915847E+2	3.500000E+1
8.915936E+2	3.300000E+1
8.916025E+2	3.500000E+1
8.916113E+2	1.800000E+1
8.916202E+2	2.300000E+1
8.916290E+2	2.300000E+1
8.916379E+2	1.300000E+1
8.916468E+2	1.800000E+1
8.916556E+2	1.500000E+1
8.916645E+2	7.000000E+0
8.916733E+2	1.300000E+1
8.916823E+2	1.100000E+1
8.916911E+2	1.300000E+1
8.917000E+2	1.600000E+1
8.917088E+2	1.400000E+1
8.917177E+2	-2.000000E+0
8.917265E+2	-1.000000E+0
8.917354E+2	3.000000E+0
8.917443E+2	1.000000E+1
8.917531E+2	7.000000E+0
8.917620E+2	5.000000E+0
8.917708E+2	2.000000E+0
8.917797E+2	2.000000E+0
8.917886E+2	1.200000E+1
8.917974E+2	1.300000E+1
8.918063E+2	6.000000E+0
8.918151E+2	6.000000E+0
8.918240E+2	8.000000E+0
8.918328E+2	6.000000E+0
8.918417E+2	1.200000E+1
8.918506E+2	1.000000E+1
8.918594E+2	1.000000E+0
8.918683E+2	9.000000E+0
8.918771E+2	8.000000E+0
8.918860E+2	1.200000E+1
8.918948E+2	8.000000E+0
8.919037E+2	3.000000E+0
8.919126E+2	3.000000E+0
8.919214E+2	7.000000E+0
8.919303E+2	8.000000E+0
8.919391E+2	7.000000E+0
8.919480E+2	1.200000E+1
8.919568E+2	-1.000000E+0
8.919658E+2	3.000000E+0
8.919746E+2	6.000000E+0
8.919835E+2	3.000000E+0
8.919923E+2	1.000000E+0
8.920012E+2	8.000000E+0
8.920100E+2	4.000000E+0
8.920189E+2	1.500000E+1
8.920277E+2	4.000000E+0
8.920366E+2	5.000000E+0
8.920455E+2	-1.000000E+0
8.920543E+2	8.000000E+0
8.920632E+2	6.000000E+0
8.920720E+2	1.200000E+1
8.920809E+2	3.000000E+0
8.920897E+2	1.000000E+0
8.920986E+2	6.000000E+0
8.921075E+2	1.100000E+1
8.921163E+2	7.000000E+0
8.921252E+2	2.000000E+0
8.921340E+2	1.100000E+1
8.921429E+2	6.000000E+0
8.921517E+2	1.000000E+0
8.921606E+2	0.000000E+0
8.921694E+2	4.000000E+0
8.921783E+2	2.000000E+0
8.921871E+2	7.000000E+0
8.921960E+2	0.000000E+0
8.922049E+2	8.000000E+0
8.922137E+2	2.000000E+0
8.922226E+2	4.000000E+0
8.922314E+2	5.000000E+0
8.922403E+2	4.000000E+0
8.922491E+2	4.000000E+0
8.922580E+2	4.000000E+0
8.922668E+2	2.000000E+0
8.922757E+2	-5.000000E+0
8.922845E+2	7.000000E+0
8.922934E+2	1.000000E+1
8.923023E+2	5.000000E+0
8.923112E+2	3.000000E+0
8.923200E+2	-1.000000E+0
8.923289E+2	2.000000E+0
8.923377E+2	-2.000000E+0
8.923466E+2	1.500000E+1
8.923554E+2	2.000000E+0
8.923643E+2	8.000000E+0
8.923731E+2	-3.000000E+0
8.923820E+2	2.000000E+0
8.923908E+2	2.000000E+0
8.923997E+2	8.000000E+0
8.924085E+2	1.300000E+1
8.924174E+2	2.000000E+0
8.924262E+2	6.000000E+0
8.924351E+2	0.000000E+0
8.924440E+2	6.000000E+0
8.924528E+2	1.500000E+1
8.924617E+2	-8.000000E+0
8.924705E+2	9.000000E+0
8.924794E+2	1.000000E+1
8.924882E+2	3.000000E+0
8.924971E+2	-3.000000E+0
8.925059E+2	4.000000E+0
8.925148E+2	3.000000E+0
8.925236E+2	1.100000E+1
8.925325E+2	2.000000E+0
8.925413E+2	-3.000000E+0
8.925502E+2	9.000000E+0
8.925590E+2	4.000000E+0
8.925679E+2	0.000000E+0
8.925767E+2	3.000000E+0
8.925856E+2	-2.000000E+0
8.925944E+2	-2.000000E+0
8.926033E+2	8.000000E+0
8.926121E+2	1.500000E+1
8.926210E+2	4.000000E+0
8.926298E+2	-2.000000E+0
8.926387E+2	-1.000000E+0
8.926475E+2	2.000000E+0
8.926564E+2	7.000000E+0
8.926652E+2	1.000000E+0
8.926741E+2	1.400000E+1
8.926829E+2	8.000000E+0
8.926918E+2	4.000000E+0
8.927006E+2	0.000000E+0
8.927095E+2	4.000000E+0
8.927183E+2	0.000000E+0
8.927272E+2	1.000000E+0
8.927360E+2	4.000000E+0
8.927449E+2	5.000000E+0
8.927537E+2	5.000000E+0
8.927626E+2	1.000000E+0
8.927714E+2	0.000000E+0
8.927803E+2	-2.000000E+0
8.927891E+2	-1.000000E+0
8.927980E+2	2.000000E+0
8.928068E+2	7.000000E+0
8.928157E+2	7.000000E+0
8.928245E+2	2.000000E+0
8.928334E+2	-3.000000E+0
8.928422E+2	1.000000E+0
8.928511E+2	2.000000E+0
8.928599E+2	-2.000000E+0
8.928688E+2	-3.000000E+0
8.928776E+2	2.000000E+0
8.928865E+2	-4.000000E+0
8.928953E+2	1.000000E+0
8.929042E+2	1.000000E+0
8.929130E+2	-5.000000E+0
8.929219E+2	0.000000E+0
8.929307E+2	-1.000000E+0
8.929396E+2	0.000000E+0
8.929484E+2	-1.000000E+0
8.929573E+2	4.000000E+0
8.929661E+2	1.000000E+0
8.929750E+2	1.000000E+0
8.929838E+2	3.000000E+0
8.929927E+2	6.000000E+0
8.930015E+2	0.000000E+0
8.930104E+2	7.000000E+0
8.930192E+2	9.000000E+0
8.930280E+2	1.000000E+0
8.930369E+2	7.000000E+0
8.930457E+2	-3.000000E+0
8.930546E+2	2.000000E+0
8.930634E+2	1.300000E+1
8.930723E+2	0.000000E+0
8.930811E+2	-2.000000E+0
8.930900E+2	3.000000E+0
8.930988E+2	-3.000000E+0
8.931077E+2	1.100000E+1
8.931165E+2	5.000000E+0
8.931254E+2	9.000000E+0
8.931342E+2	7.000000E+0
8.931431E+2	8.000000E+0
8.931519E+2	1.000000E+0
8.931608E+2	8.000000E+0
8.931696E+2	-1.000000E+0
8.931784E+2	9.000000E+0
8.931873E+2	1.200000E+1
8.931961E+2	4.000000E+0
8.932050E+2	2.000000E+0
8.932138E+2	6.000000E+0
8.932227E+2	7.000000E+0
8.932315E+2	4.000000E+0
8.932404E+2	2.000000E+0
8.932492E+2	1.200000E+1
8.932581E+2	2.000000E+0
8.932669E+2	7.000000E+0
8.932757E+2	1.000000E+0
8.932845E+2	1.000000E+1
8.932934E+2	9.000000E+0
8.933022E+2	1.200000E+1
8.933111E+2	3.000000E+0
8.933199E+2	6.000000E+0
8.933288E+2	1.600000E+1
8.933376E+2	-4.000000E+0
8.933465E+2	1.200000E+1
8.933553E+2	3.000000E+0
8.933641E+2	1.400000E+1
8.933730E+2	1.300000E+1
8.933818E+2	8.000000E+0
8.933907E+2	1.500000E+1
8.933995E+2	1.100000E+1
8.934084E+2	1.400000E+1
8.934172E+2	1.400000E+1
8.934261E+2	1.500000E+1
8.934349E+2	1.200000E+1
8.934437E+2	3.000000E+0
8.934526E+2	1.100000E+1
8.934614E+2	1.700000E+1
8.934703E+2	1.500000E+1
8.934791E+2	2.200000E+1
8.934880E+2	1.900000E+1
8.934968E+2	5.000000E+0
8.935056E+2	1.700000E+1
8.935145E+2	2.700000E+1
8.935233E+2	1.400000E+1
8.935322E+2	1.900000E+1
8.935410E+2	1.900000E+1
8.935499E+2	1.700000E+1
8.935587E+2	1.500000E+1
8.935675E+2	2.400000E+1
8.935764E+2	2.400000E+1
8.935852E+2	2.800000E+1
8.935941E+2	4.200000E+1
8.936029E+2	3.700000E+1
8.936118E+2	6.800000E+1
8.936206E+2	1.020000E+2
8.936294E+2	1.460000E+2
8.936382E+2	2.210000E+2
8.936471E+2	3.010000E+2
8.936559E+2	3.350000E+2
8.936648E+2	3.860000E+2
8.936736E+2	4.460000E+2
8.936824E+2	4.150000E+2
8.936913E+2	3.870000E+2
8.937001E+2	3.670000E+2
8.937090E+2	3.570000E+2
8.937178E+2	2.860000E+2
8.937267E+2	1.900000E+2
8.937355E+2	1.790000E+2
8.937443E+2	1.130000E+2
8.937532E+2	5.900000E+1
8.937620E+2	3.400000E+1
8.937709E+2	3.700000E+1
8.937797E+2	2.100000E+1
8.937885E+2	1.300000E+1
8.937974E+2	3.100000E+1
8.938062E+2	2.300000E+1
8.938151E+2	1.400000E+1
8.938239E+2	2.100000E+1
8.938327E+2	2.300000E+1
8.938416E+2	1.000000E+1
8.938504E+2	2.100000E+1
8.938593E+2	2.000000E+1
8.938681E+2	1.800000E+1
8.938769E+2	1.300000E+1
8.938857E+2	1.500000E+1
8.938946E+2	2.700000E+1
8.939034E+2	2.400000E+1
8.939123E+2	3.300000E+1
8.939211E+2	1.700000E+1
8.939299E+2	3.000000E+1
8.939388E+2	3.300000E+1
8.939476E+2	3.400000E+1
8.939564E+2	4.900000E+1
8.939653E+2	5.400000E+1
8.939741E+2	5.600000E+1
8.939830E+2	4.000000E+1
8.939918E+2	4.000000E+1
8.940006E+2	4.000000E+1
8.940095E+2	3.600000E+1
8.940183E+2	3.900000E+1
8.940272E+2	2.600000E+1
8.940360E+2	2.900000E+1
8.940448E+2	3.000000E+0
8.940536E+2	1.300000E+1
8.940625E+2	1.800000E+1
8.940714E+2	1.500000E+1
8.940801E+2	2.700000E+1
8.940890E+2	1.300000E+1
8.940978E+2	1.200000E+1
8.941067E+2	3.000000E+0
8.941155E+2	7.000000E+0
8.941243E+2	8.000000E+0
8.941332E+2	9.000000E+0
8.941420E+2	1.300000E+1
8.941508E+2	4.000000E+0
8.941597E+2	1.000000E+1
8.941685E+2	1.400000E+1
8.941774E+2	1.100000E+1
8.941862E+2	9.000000E+0
8.941950E+2	6.000000E+0
8.942039E+2	4.000000E+0
8.942127E+2	1.200000E+1
8.942215E+2	0.000000E+0
8.942303E+2	8.000000E+0
8.942392E+2	1.700000E+1
8.942480E+2	4.000000E+0
8.942568E+2	1.400000E+1
8.942657E+2	5.000000E+0
8.942745E+2	1.700000E+1
8.942833E+2	1.200000E+1
8.942922E+2	8.000000E+0
8.943010E+2	2.300000E+1
8.943099E+2	7.000000E+0
8.943187E+2	1.500000E+1
8.943275E+2	1.200000E+1
8.943364E+2	1.500000E+1
8.943452E+2	6.000000E+0
8.943540E+2	2.200000E+1
8.943629E+2	5.000000E+0
8.943717E+2	1.400000E+1
8.943805E+2	3.000000E+0
8.943893E+2	1.200000E+1
8.943982E+2	1.600000E+1
8.944070E+2	1.900000E+1
8.944158E+2	2.000000E+0
8.944247E+2	1.800000E+1
8.944335E+2	-1.000000E+0
8.944423E+2	3.000000E+0
8.944512E+2	1.100000E+1
8.944600E+2	7.000000E+0
8.944688E+2	7.000000E+0
8.944777E+2	6.000000E+0
8.944865E+2	1.100000E+1
8.944954E+2	9.000000E+0
8.945042E+2	1.200000E+1
8.945130E+2	7.000000E+0
8.945219E+2	6.000000E+0
8.945306E+2	1.200000E+1
8.945395E+2	5.000000E+0
8.945483E+2	1.700000E+1
8.945571E+2	1.300000E+1
8.945660E+2	7.000000E+0
8.945748E+2	1.200000E+1
8.945836E+2	1.300000E+1
8.945925E+2	9.000000E+0
8.946013E+2	7.000000E+0
8.946101E+2	2.000000E+0
8.946190E+2	8.000000E+0
8.946278E+2	1.000000E+0
8.946366E+2	5.000000E+0
8.946454E+2	0.000000E+0
8.946543E+2	6.000000E+0
8.946631E+2	4.000000E+0
8.946719E+2	4.000000E+0
8.946808E+2	2.000000E+0
8.946896E+2	2.000000E+0
8.946984E+2	1.000000E+1
8.947073E+2	1.200000E+1
8.947161E+2	5.000000E+0
8.947249E+2	3.000000E+0
8.947338E+2	-1.000000E+0
8.947426E+2	4.000000E+0
8.947514E+2	3.000000E+0
8.947603E+2	0.000000E+0
8.947690E+2	8.000000E+0
8.947779E+2	4.000000E+0
8.947867E+2	0.000000E+0
8.947955E+2	-1.000000E+0
8.948044E+2	-2.000000E+0
8.948132E+2	7.000000E+0
8.948220E+2	9.000000E+0
8.948309E+2	-1.000000E+0
8.948397E+2	3.000000E+0
8.948485E+2	2.000000E+0
8.948574E+2	1.500000E+1
8.948661E+2	1.400000E+1
8.948750E+2	-3.000000E+0
8.948838E+2	3.000000E+0
8.948926E+2	2.000000E+0
8.949015E+2	5.000000E+0
8.949103E+2	9.000000E+0
8.949191E+2	3.000000E+0
8.949280E+2	2.000000E+0
8.949368E+2	6.000000E+0
8.949456E+2	9.000000E+0
8.949544E+2	1.000000E+0
8.949633E+2	-1.000000E+0
8.949721E+2	5.000000E+0
8.949809E+2	5.000000E+0
8.949897E+2	2.000000E+0
8.949985E+2	-2.000000E+0
8.950074E+2	7.000000E+0
8.950162E+2	0.000000E+0
8.950250E+2	2.000000E+0
8.950339E+2	-2.000000E+0
8.950427E+2	5.000000E+0
8.950515E+2	-6.000000E+0
8.950604E+2	-2.000000E+0
8.950692E+2	2.000000E+0
8.950780E+2	4.000000E+0
8.950868E+2	4.000000E+0
8.950956E+2	6.000000E+0
8.951044E+2	5.000000E+0
8.951133E+2	1.100000E+1
8.951221E+2	-1.000000E+0
8.951309E+2	3.000000E+0
8.951398E+2	-1.000000E+0
8.951486E+2	3.000000E+0
8.951574E+2	6.000000E+0
8.951663E+2	1.000000E+0
8.951750E+2	-6.000000E+0
8.951839E+2	4.000000E+0
8.951927E+2	7.000000E+0
8.952015E+2	2.000000E+0
8.952103E+2	-2.000000E+0
8.952192E+2	7.000000E+0
8.952280E+2	5.000000E+0
8.952368E+2	0.000000E+0
8.952457E+2	8.000000E+0
8.952545E+2	5.000000E+0
8.952633E+2	7.000000E+0
8.952721E+2	0.000000E+0
8.952809E+2	-1.000000E+0
8.952897E+2	7.000000E+0
8.952986E+2	1.400000E+1
8.953074E+2	1.100000E+1
8.953162E+2	2.000000E+0
8.953251E+2	2.000000E+0
8.953339E+2	6.000000E+0
8.953427E+2	7.000000E+0
8.953515E+2	-6.000000E+0
8.953604E+2	-5.000000E+0
8.953691E+2	1.100000E+1
8.953780E+2	4.000000E+0
8.953868E+2	6.000000E+0
8.953956E+2	8.000000E+0
8.954044E+2	4.000000E+0
8.954133E+2	6.000000E+0
8.954221E+2	1.100000E+1
8.954309E+2	1.000000E+0
8.954398E+2	6.000000E+0
8.954485E+2	-6.000000E+0
8.954574E+2	7.000000E+0
8.954662E+2	1.000000E+1
8.954750E+2	6.000000E+0
8.954838E+2	2.000000E+0
8.954927E+2	3.000000E+0
8.955015E+2	6.000000E+0
8.955103E+2	-5.000000E+0
8.955191E+2	-4.000000E+0
8.955280E+2	-6.000000E+0
8.955367E+2	-4.000000E+0
8.955456E+2	5.000000E+0
8.955544E+2	-1.000000E+0
8.955632E+2	2.000000E+0
8.955720E+2	1.200000E+1
8.955809E+2	-6.000000E+0
8.955897E+2	8.000000E+0
8.955985E+2	7.000000E+0
8.956073E+2	4.000000E+0
8.956161E+2	7.000000E+0
8.956249E+2	7.000000E+0
8.956338E+2	7.000000E+0
8.956426E+2	8.000000E+0
8.956514E+2	1.000000E+0
8.956602E+2	-1.100000E+1
8.956691E+2	1.100000E+1
8.956779E+2	-3.000000E+0
8.956867E+2	6.000000E+0
8.956955E+2	5.000000E+0
8.957043E+2	6.000000E+0
8.957131E+2	5.000000E+0
8.957219E+2	-1.000000E+0
8.957308E+2	4.000000E+0
8.957396E+2	1.000000E+0
8.957484E+2	4.000000E+0
8.957572E+2	8.000000E+0
8.957661E+2	-5.000000E+0
8.957748E+2	5.000000E+0
8.957837E+2	0.000000E+0
8.957925E+2	-3.000000E+0
8.958013E+2	2.000000E+0
8.958101E+2	-3.000000E+0
8.958190E+2	1.000000E+1
8.958278E+2	8.000000E+0
8.958366E+2	9.000000E+0
8.958454E+2	-6.000000E+0
8.958542E+2	-3.000000E+0
8.958630E+2	-4.000000E+0
8.958718E+2	3.000000E+0
8.958807E+2	-6.000000E+0
8.958895E+2	0.000000E+0
8.958983E+2	-1.100000E+1
8.959071E+2	0.000000E+0
8.959160E+2	0.000000E+0
8.959247E+2	6.000000E+0
8.959335E+2	-1.000000E+0
8.959424E+2	1.000000E+1
8.959512E+2	-2.000000E+0
8.959600E+2	-2.000000E+0
8.959688E+2	1.000000E+0
8.959777E+2	4.000000E+0
8.959865E+2	5.000000E+0
8.959952E+2	4.000000E+0
8.960041E+2	7.000000E+0
8.960129E+2	3.000000E+0
8.960217E+2	2.000000E+0
8.960305E+2	9.000000E+0
8.960394E+2	7.000000E+0
8.960482E+2	-5.000000E+0
8.960569E+2	-4.000000E+0
8.960658E+2	3.000000E+0
8.960746E+2	8.000000E+0
8.960834E+2	0.000000E+0
8.960922E+2	2.000000E+0
8.961010E+2	5.000000E+0
8.961099E+2	-1.300000E+1
8.961187E+2	-1.000000E+0
8.961275E+2	6.000000E+0
8.961363E+2	-1.200000E+1
8.961451E+2	-4.000000E+0
8.961539E+2	1.000000E+0
8.961627E+2	3.000000E+0
8.961716E+2	-4.000000E+0
8.961804E+2	4.000000E+0
8.961891E+2	5.000000E+0
8.961980E+2	3.000000E+0
8.962068E+2	4.000000E+0
8.962156E+2	6.000000E+0
8.962244E+2	5.000000E+0
8.962332E+2	9.000000E+0
8.962421E+2	2.000000E+0
8.962509E+2	-1.000000E+0
8.962596E+2	7.000000E+0
8.962685E+2	7.000000E+0
8.962773E+2	1.400000E+1
8.962861E+2	6.000000E+0
8.962949E+2	2.000000E+0
8.963037E+2	3.000000E+0
8.963126E+2	-2.000000E+0
8.963214E+2	1.600000E+1
8.963301E+2	0.000000E+0
8.963390E+2	-1.000000E+0
8.963478E+2	3.000000E+0
8.963566E+2	9.000000E+0
8.963654E+2	6.000000E+0
8.963742E+2	7.000000E+0
8.963831E+2	1.000000E+0
8.963918E+2	-7.000000E+0
8.964006E+2	1.000000E+0
8.964095E+2	0.000000E+0
8.964183E+2	-5.000000E+0
8.964271E+2	-3.000000E+0
8.964359E+2	-1.000000E+0
8.964447E+2	-6.000000E+0
8.964535E+2	-3.000000E+0
8.964623E+2	-8.000000E+0
8.964711E+2	-1.000000E+0
8.964799E+2	7.000000E+0
8.964888E+2	5.000000E+0
8.964976E+2	1.000000E+1
8.965063E+2	7.000000E+0
8.965152E+2	3.000000E+0
8.965240E+2	2.000000E+0
8.965328E+2	3.000000E+0
8.965416E+2	9.000000E+0
8.965504E+2	-9.000000E+0
8.965592E+2	1.000000E+0
8.965681E+2	6.000000E+0
8.965768E+2	3.000000E+0
8.965856E+2	8.000000E+0
8.965945E+2	1.000000E+0
8.966033E+2	1.000000E+1
8.966121E+2	5.000000E+0
8.966209E+2	4.000000E+0
8.966297E+2	8.000000E+0
8.966385E+2	-9.000000E+0
8.966473E+2	8.000000E+0
8.966561E+2	-1.000000E+0
8.966649E+2	6.000000E+0
8.966737E+2	2.000000E+0
8.966826E+2	-1.000000E+0
8.966913E+2	-1.000000E+0
8.967001E+2	5.000000E+0
8.967090E+2	3.000000E+0
8.967178E+2	-3.000000E+0
8.967266E+2	3.000000E+0
8.967354E+2	9.000000E+0
8.967442E+2	6.000000E+0
8.967530E+2	5.000000E+0
8.967618E+2	-1.000000E+0
8.967706E+2	1.000000E+0
8.967794E+2	1.000000E+0
8.967882E+2	1.100000E+1
8.967971E+2	4.000000E+0
8.968058E+2	9.000000E+0
8.968146E+2	3.000000E+0
8.968234E+2	2.000000E+0
8.968323E+2	1.000000E+0
8.968411E+2	7.000000E+0
8.968499E+2	0.000000E+0
8.968587E+2	-4.000000E+0
8.968675E+2	1.000000E+0
8.968763E+2	1.000000E+1
8.968851E+2	5.000000E+0
8.968939E+2	1.000000E+0
8.969027E+2	4.000000E+0
8.969115E+2	4.000000E+0
8.969203E+2	1.000000E+0
8.969291E+2	1.000000E+0
8.969379E+2	2.000000E+0
8.969467E+2	8.000000E+0
8.969555E+2	6.000000E+0
8.969644E+2	1.400000E+1
8.969731E+2	-7.000000E+0
8.969819E+2	-1.000000E+0
8.969907E+2	-3.000000E+0
8.969996E+2	3.000000E+0
8.970084E+2	-1.000000E+0
8.970172E+2	7.000000E+0
8.970259E+2	6.000000E+0
8.970348E+2	-1.000000E+0
8.970436E+2	-4.000000E+0
8.970524E+2	-1.000000E+0
8.970612E+2	6.000000E+0
8.970700E+2	1.100000E+1
8.970788E+2	-1.000000E+0
8.970876E+2	-1.000000E+0
8.970964E+2	7.000000E+0
8.971052E+2	-3.000000E+0
8.971140E+2	1.000000E+0
8.971228E+2	4.000000E+0
8.971316E+2	-1.000000E+0
8.971404E+2	9.000000E+0
8.971492E+2	1.000000E+1
8.971580E+2	-4.000000E+0
8.971668E+2	2.000000E+0
8.971756E+2	-7.000000E+0
8.971844E+2	1.100000E+1
8.971932E+2	3.000000E+0
8.972020E+2	8.000000E+0
8.972108E+2	1.400000E+1
8.972196E+2	-1.000000E+1
8.972285E+2	1.100000E+1
8.972372E+2	4.000000E+0
8.972460E+2	8.000000E+0
8.972548E+2	5.000000E+0
8.972636E+2	2.000000E+0
8.972725E+2	7.000000E+0
8.972812E+2	1.000000E+0
8.972900E+2	3.000000E+0
8.972988E+2	-1.000000E+0
8.973076E+2	7.000000E+0
8.973164E+2	0.000000E+0
8.973253E+2	7.000000E+0
8.973340E+2	2.000000E+0
8.973428E+2	7.000000E+0
8.973516E+2	1.000000E+0
8.973604E+2	-7.000000E+0
8.973693E+2	-4.000000E+0
8.973781E+2	1.000000E+0
8.973868E+2	1.500000E+1
8.973956E+2	2.000000E+0
8.974044E+2	8.000000E+0
8.974132E+2	-2.000000E+0
8.974221E+2	4.000000E+0
8.974308E+2	6.000000E+0
8.974396E+2	1.000000E+0
8.974484E+2	7.000000E+0
8.974572E+2	8.000000E+0
8.974660E+2	-4.000000E+0
8.974749E+2	4.000000E+0
8.974836E+2	-1.000000E+0
8.974924E+2	7.000000E+0
8.975012E+2	2.000000E+0
8.975100E+2	-1.000000E+0
8.975188E+2	3.000000E+0
8.975276E+2	0.000000E+0
8.975364E+2	5.000000E+0
8.975452E+2	-3.000000E+0
8.975540E+2	0.000000E+0
8.975628E+2	-9.000000E+0
8.975716E+2	4.000000E+0
8.975804E+2	0.000000E+0
8.975892E+2	5.000000E+0
8.975980E+2	-1.000000E+0
8.976068E+2	-1.000000E+0
8.976156E+2	5.000000E+0
8.976244E+2	-4.000000E+0
8.976332E+2	3.000000E+0
8.976420E+2	-1.000000E+0
8.976508E+2	-7.000000E+0
8.976596E+2	6.000000E+0
8.976684E+2	1.000000E+0
8.976772E+2	1.000000E+1
8.976860E+2	4.000000E+0
8.976948E+2	1.000000E+0
8.977036E+2	7.000000E+0
8.977123E+2	8.000000E+0
8.977211E+2	2.000000E+0
8.977300E+2	6.000000E+0
8.977388E+2	5.000000E+0
8.977476E+2	0.000000E+0
8.977563E+2	1.000000E+0
8.977651E+2	3.000000E+0
8.977739E+2	1.000000E+1
8.977827E+2	7.000000E+0
8.977915E+2	-2.000000E+0
8.978003E+2	3.000000E+0
8.978091E+2	3.000000E+0
8.978179E+2	1.000000E+0
8.978267E+2	4.000000E+0
8.978355E+2	-4.000000E+0
8.978443E+2	3.000000E+0
8.978531E+2	6.000000E+0
8.978619E+2	0.000000E+0
8.978707E+2	2.000000E+0
8.978795E+2	-3.000000E+0
8.978882E+2	0.000000E+0
8.978970E+2	1.000000E+1
8.979059E+2	0.000000E+0
8.979147E+2	4.000000E+0
8.979235E+2	4.000000E+0
8.979323E+2	-4.000000E+0
8.979410E+2	-2.000000E+0
8.979498E+2	7.000000E+0
8.979586E+2	-1.000000E+1
8.979674E+2	5.000000E+0
8.979762E+2	3.000000E+0
8.979850E+2	1.200000E+1
8.979938E+2	8.000000E+0
8.980026E+2	0.000000E+0
8.980114E+2	0.000000E+0
8.980201E+2	1.400000E+1
8.980290E+2	3.000000E+0
8.980378E+2	1.000000E+1
8.980466E+2	3.000000E+0
8.980554E+2	0.000000E+0
8.980641E+2	-8.000000E+0
8.980729E+2	1.000000E+1
8.980817E+2	8.000000E+0
8.980905E+2	0.000000E+0
8.980993E+2	-1.000000E+0
8.981081E+2	-6.000000E+0
8.981169E+2	7.000000E+0
8.981257E+2	-1.000000E+0
8.981345E+2	-8.000000E+0
8.981432E+2	2.000000E+0
8.981520E+2	1.000000E+0
8.981608E+2	9.000000E+0
8.981696E+2	-1.000000E+0
8.981784E+2	7.000000E+0
8.981872E+2	2.000000E+0
8.981960E+2	1.000000E+0
8.982048E+2	-3.000000E+0
8.982136E+2	0.000000E+0
8.982224E+2	-2.000000E+0
8.982312E+2	-2.000000E+0
8.982400E+2	2.000000E+0
8.982488E+2	-6.000000E+0
8.982576E+2	8.000000E+0
8.982664E+2	1.000000E+0
8.982751E+2	7.000000E+0
8.982839E+2	8.000000E+0
8.982927E+2	-5.000000E+0
8.983015E+2	4.000000E+0
8.983103E+2	6.000000E+0
8.983191E+2	4.000000E+0
8.983279E+2	-3.000000E+0
8.983367E+2	0.000000E+0
8.983455E+2	4.000000E+0
8.983542E+2	-5.000000E+0
8.983630E+2	-4.000000E+0
8.983718E+2	2.000000E+0
8.983806E+2	0.000000E+0
8.983894E+2	9.000000E+0
8.983982E+2	-1.000000E+0
8.984070E+2	1.200000E+1
8.984158E+2	2.000000E+0
8.984246E+2	2.000000E+0
8.984333E+2	0.000000E+0
8.984421E+2	3.000000E+0
8.984509E+2	1.000000E+1
8.984597E+2	6.000000E+0
8.984685E+2	1.000000E+1
8.984773E+2	5.000000E+0
8.984861E+2	1.600000E+1
8.984949E+2	5.000000E+0
8.985037E+2	-2.000000E+0
8.985124E+2	7.000000E+0
8.985212E+2	-5.000000E+0
8.985300E+2	8.000000E+0
8.985388E+2	1.000000E+0
8.985475E+2	1.000000E+0
8.985563E+2	-1.000000E+0
8.985651E+2	1.100000E+1
8.985739E+2	9.000000E+0
8.985827E+2	-3.000000E+0
8.985915E+2	4.000000E+0
8.986003E+2	5.000000E+0
8.986091E+2	2.000000E+0
8.986179E+2	1.200000E+1
8.986266E+2	-1.000000E+0
8.986354E+2	1.600000E+1
8.986442E+2	5.000000E+0
8.986530E+2	4.000000E+0
8.986618E+2	3.000000E+0
8.986706E+2	-3.000000E+0
8.986794E+2	9.000000E+0
8.986882E+2	6.000000E+0
8.986970E+2	1.000000E+0
8.987057E+2	-3.000000E+0
8.987145E+2	0.000000E+0
8.987233E+2	2.000000E+0
8.987321E+2	2.000000E+0
8.987408E+2	8.000000E+0
8.987496E+2	-1.000000E+0
8.987584E+2	1.000000E+0
8.987672E+2	-2.000000E+0
8.987760E+2	2.000000E+0
8.987848E+2	-4.000000E+0
8.987936E+2	1.000000E+0
8.988024E+2	3.000000E+0
8.988112E+2	0.000000E+0
8.988199E+2	2.000000E+0
8.988287E+2	-2.000000E+0
8.988375E+2	-1.000000E+0
8.988463E+2	5.000000E+0
8.988550E+2	8.000000E+0
8.988638E+2	-3.000000E+0
8.988726E+2	0.000000E+0
8.988814E+2	8.000000E+0
8.988902E+2	6.000000E+0
8.988990E+2	-2.000000E+0
8.989078E+2	-3.000000E+0
8.989166E+2	-8.000000E+0
8.989253E+2	3.000000E+0
8.989341E+2	9.000000E+0
8.989429E+2	1.100000E+1
8.989517E+2	1.600000E+1
8.989604E+2	1.000000E+0
8.989692E+2	4.000000E+0
8.989780E+2	1.000000E+1
8.989868E+2	1.100000E+1
8.989956E+2	7.000000E+0
8.990043E+2	1.000000E+1
8.990131E+2	4.000000E+0
8.990219E+2	-1.000000E+0
8.990307E+2	5.000000E+0
8.990395E+2	1.300000E+1
8.990483E+2	1.200000E+1
8.990571E+2	1.100000E+1
8.990659E+2	2.000000E+0
8.990746E+2	8.000000E+0
8.990834E+2	4.000000E+0
8.990922E+2	9.000000E+0
8.991010E+2	1.000000E+0
8.991097E+2	-3.000000E+0
8.991185E+2	-1.000000E+0
8.991273E+2	9.000000E+0
8.991361E+2	1.000000E+1
8.991448E+2	4.000000E+0
8.991536E+2	3.000000E+0
8.991624E+2	-4.000000E+0
8.991712E+2	1.000000E+1
8.991800E+2	2.000000E+0
8.991888E+2	1.100000E+1
8.991976E+2	5.000000E+0
8.992063E+2	2.000000E+0
8.992151E+2	6.000000E+0
8.992239E+2	6.000000E+0
8.992327E+2	-1.000000E+0
8.992415E+2	6.000000E+0
8.992502E+2	4.000000E+0
8.992590E+2	9.000000E+0
8.992678E+2	6.000000E+0
8.992766E+2	1.000000E+0
8.992853E+2	3.000000E+0
8.992941E+2	-6.000000E+0
8.993029E+2	6.000000E+0
8.993116E+2	-9.000000E+0
8.993204E+2	5.000000E+0
8.993292E+2	5.000000E+0
8.993380E+2	8.000000E+0
8.993468E+2	1.000000E+1
8.993556E+2	2.000000E+0
8.993643E+2	4.000000E+0
8.993731E+2	1.200000E+1
8.993819E+2	-3.000000E+0
8.993907E+2	7.000000E+0
8.993995E+2	-1.000000E+1
8.994082E+2	1.200000E+1
8.994170E+2	2.000000E+0
8.994258E+2	0.000000E+0
8.994346E+2	7.000000E+0
8.994434E+2	-9.000000E+0
8.994521E+2	0.000000E+0
8.994609E+2	7.000000E+0
8.994697E+2	-8.000000E+0
8.994785E+2	-3.000000E+0
8.994872E+2	-3.000000E+0
8.994960E+2	-3.000000E+0
8.995048E+2	6.000000E+0
8.995135E+2	4.000000E+0
8.995223E+2	3.000000E+0
8.995311E+2	2.000000E+0
8.995399E+2	3.000000E+0
8.995486E+2	-1.100000E+1
8.995574E+2	-6.000000E+0
8.995662E+2	0.000000E+0
8.995750E+2	4.000000E+0
8.995837E+2	8.000000E+0
8.995925E+2	0.000000E+0
8.996013E+2	-1.000000E+0
8.996101E+2	2.000000E+0
8.996188E+2	1.000000E+0
8.996276E+2	-5.000000E+0
8.996364E+2	-1.000000E+0
8.996452E+2	-2.000000E+0
8.996539E+2	-3.000000E+0
8.996627E+2	5.000000E+0
8.996715E+2	-6.000000E+0
8.996803E+2	7.000000E+0
8.996891E+2	-6.000000E+0
8.996978E+2	3.000000E+0
8.997066E+2	1.000000E+1
8.997154E+2	6.000000E+0
8.997242E+2	5.000000E+0
8.997329E+2	5.000000E+0
8.997417E+2	1.100000E+1
8.997505E+2	6.000000E+0
8.997593E+2	-3.000000E+0
8.997680E+2	1.000000E+1
8.997768E+2	4.000000E+0
8.997856E+2	-4.000000E+0
8.997944E+2	8.000000E+0
8.998031E+2	4.000000E+0
8.998119E+2	5.000000E+0
8.998207E+2	1.000000E+0
8.998294E+2	8.000000E+0
8.998382E+2	2.000000E+0
8.998470E+2	3.000000E+0
8.998558E+2	4.000000E+0
8.998645E+2	4.000000E+0
8.998733E+2	1.100000E+1
8.998821E+2	6.000000E+0
8.998909E+2	-5.000000E+0
8.998996E+2	2.000000E+0
8.999084E+2	7.000000E+0
8.999172E+2	0.000000E+0
8.999259E+2	-6.000000E+0
8.999347E+2	6.000000E+0
8.999435E+2	1.200000E+1
8.999523E+2	5.000000E+0
8.999610E+2	2.000000E+0
8.999698E+2	-1.000000E+0
8.999786E+2	-4.000000E+0
8.999873E+2	9.000000E+0
8.999961E+2	-1.000000E+0
9.000049E+2	-2.000000E+0
9.000136E+2	2.000000E+0
9.000224E+2	1.000000E+0
9.000312E+2	-2.000000E+0
9.000400E+2	1.200000E+1
9.000487E+2	-1.000000E+0
9.000575E+2	1.000000E+1
9.000663E+2	1.300000E+1
9.000750E+2	1.000000E+1
9.000838E+2	-6.000000E+0
9.000926E+2	1.000000E+1
9.001013E+2	1.400000E+1
9.001101E+2	8.000000E+0
9.001189E+2	9.000000E+0
9.001276E+2	1.400000E+1
9.001364E+2	1.300000E+1
9.001452E+2	1.000000E+1
9.001539E+2	7.000000E+0
9.001627E+2	-1.000000E+0
9.001715E+2	8.000000E+0
9.001802E+2	1.000000E+0
9.001890E+2	8.000000E+0
9.001978E+2	5.000000E+0
9.002065E+2	0.000000E+0
9.002153E+2	0.000000E+0
9.002241E+2	1.000000E+1
9.002328E+2	-2.000000E+0
9.002416E+2	1.900000E+1
9.002504E+2	1.000000E+1
9.002592E+2	-1.000000E+0
9.002679E+2	-2.000000E+0
9.002767E+2	0.000000E+0
9.002855E+2	8.000000E+0
9.002943E+2	-7.000000E+0
9.003030E+2	3.000000E+0
9.003118E+2	-1.000000E+0
9.003206E+2	6.000000E+0
9.003293E+2	1.100000E+1
9.003381E+2	5.000000E+0
9.003469E+2	1.000000E+1
9.003557E+2	-4.000000E+0
9.003644E+2	-7.000000E+0
9.003732E+2	5.000000E+0
9.003819E+2	-3.000000E+0
9.003907E+2	6.000000E+0
9.003995E+2	1.000000E+0
9.004082E+2	2.000000E+0
9.004170E+2	6.000000E+0
9.004258E+2	4.000000E+0
9.004345E+2	1.100000E+1
9.004433E+2	7.000000E+0
9.004520E+2	-6.000000E+0
9.004608E+2	1.100000E+1
9.004696E+2	3.000000E+0
9.004783E+2	4.000000E+0
9.004871E+2	-7.000000E+0
9.004959E+2	3.000000E+0
9.005046E+2	-1.000000E+0
9.005134E+2	3.000000E+0
9.005222E+2	7.000000E+0
9.005309E+2	-1.000000E+1
9.005397E+2	-1.100000E+1
9.005485E+2	6.000000E+0
9.005573E+2	2.000000E+0
9.005660E+2	1.000000E+0
9.005748E+2	-4.000000E+0
9.005836E+2	2.000000E+0
9.005923E+2	0.000000E+0
9.006011E+2	-1.200000E+1
9.006098E+2	5.000000E+0
9.006186E+2	8.000000E+0
9.006274E+2	-1.000000E+0
9.006361E+2	2.000000E+0
9.006449E+2	1.300000E+1
9.006536E+2	0.000000E+0
9.006624E+2	4.000000E+0
9.006711E+2	2.000000E+0
9.006799E+2	3.000000E+0
9.006887E+2	6.000000E+0
9.006974E+2	5.000000E+0
9.007062E+2	-7.000000E+0
9.007150E+2	2.000000E+0
9.007238E+2	1.000000E+1
9.007325E+2	-1.000000E+0
9.007413E+2	2.000000E+0
9.007501E+2	6.000000E+0
9.007588E+2	8.000000E+0
9.007676E+2	1.000000E+1
9.007763E+2	-4.000000E+0
9.007851E+2	4.000000E+0
9.007938E+2	2.000000E+0
9.008026E+2	2.000000E+0
9.008113E+2	3.000000E+0
9.008201E+2	1.000000E+0
9.008289E+2	3.000000E+0
9.008376E+2	1.000000E+1
9.008464E+2	3.000000E+0
9.008552E+2	1.200000E+1
9.008640E+2	1.400000E+1
9.008727E+2	8.000000E+0
9.008815E+2	6.000000E+0
9.008902E+2	-1.000000E+0
9.008990E+2	-1.000000E+0
9.009077E+2	1.400000E+1
9.009165E+2	0.000000E+0
9.009253E+2	9.000000E+0
9.009340E+2	-8.000000E+0
9.009428E+2	1.000000E+1
9.009515E+2	1.000000E+1
9.009603E+2	-3.000000E+0
9.009691E+2	1.300000E+1
9.009778E+2	-4.000000E+0
9.009866E+2	0.000000E+0
9.009954E+2	9.000000E+0
9.010041E+2	3.000000E+0
9.010129E+2	3.000000E+0
9.010216E+2	1.000000E+0
9.010304E+2	-1.000000E+0
9.010391E+2	-3.000000E+0
9.010479E+2	1.200000E+1
9.010566E+2	0.000000E+0
9.010654E+2	-1.400000E+1
9.010742E+2	3.000000E+0
9.010829E+2	9.000000E+0
9.010917E+2	-3.000000E+0
9.011005E+2	-4.000000E+0
9.011092E+2	-2.000000E+0
9.011180E+2	5.000000E+0
9.011267E+2	6.000000E+0
9.011355E+2	1.100000E+1
9.011442E+2	6.000000E+0
9.011530E+2	4.000000E+0
9.011617E+2	1.000000E+0
9.011705E+2	-4.000000E+0
9.011793E+2	-5.000000E+0
9.011880E+2	-2.000000E+0
9.011968E+2	5.000000E+0
9.012056E+2	7.000000E+0
9.012143E+2	1.000000E+0
9.012231E+2	-3.000000E+0
9.012318E+2	-6.000000E+0
9.012406E+2	6.000000E+0
9.012493E+2	5.000000E+0
9.012581E+2	7.000000E+0
9.012668E+2	7.000000E+0
9.012756E+2	4.000000E+0
9.012844E+2	0.000000E+0
9.012931E+2	2.000000E+0
9.013019E+2	-2.000000E+0
9.013106E+2	-2.000000E+0
9.013194E+2	4.000000E+0
9.013281E+2	3.000000E+0
9.013369E+2	3.000000E+0
9.013456E+2	1.000000E+0
9.013544E+2	-2.000000E+0
9.013632E+2	5.000000E+0
9.013719E+2	4.000000E+0
9.013807E+2	3.000000E+0
9.013894E+2	-7.000000E+0
9.013982E+2	-1.000000E+0
9.014069E+2	-4.000000E+0
9.014157E+2	9.000000E+0
9.014244E+2	3.000000E+0
9.014332E+2	2.000000E+0
9.014420E+2	4.000000E+0
9.014507E+2	4.000000E+0
9.014595E+2	4.000000E+0
9.014682E+2	-3.000000E+0
9.014770E+2	1.000000E+0
9.014857E+2	0.000000E+0
9.014945E+2	-3.000000E+0
9.015032E+2	-7.000000E+0
9.015120E+2	4.000000E+0
9.015208E+2	-2.000000E+0
9.015295E+2	1.000000E+0
9.015383E+2	-1.000000E+0
9.015470E+2	1.000000E+0
9.015558E+2	2.000000E+0
9.015645E+2	-4.000000E+0
9.015732E+2	4.000000E+0
9.015820E+2	7.000000E+0
9.015908E+2	3.000000E+0
9.015995E+2	-1.000000E+0
9.016083E+2	-5.000000E+0
9.016171E+2	7.000000E+0
9.016258E+2	1.000000E+0
9.016345E+2	-3.000000E+0
9.016433E+2	1.100000E+1
9.016520E+2	-4.000000E+0
9.016608E+2	2.000000E+0
9.016696E+2	1.000000E+0
9.016783E+2	-3.000000E+0
9.016871E+2	9.000000E+0
9.016958E+2	-2.000000E+0
9.017045E+2	-1.000000E+0
9.017133E+2	5.000000E+0
9.017220E+2	-1.000000E+0
9.017308E+2	7.000000E+0
9.017396E+2	-2.000000E+0
9.017483E+2	1.000000E+0
9.017571E+2	-4.000000E+0
9.017658E+2	-5.000000E+0
9.017746E+2	1.000000E+1
9.017833E+2	2.000000E+0
9.017921E+2	5.000000E+0
9.018008E+2	-4.000000E+0
9.018096E+2	4.000000E+0
9.018183E+2	9.000000E+0
9.018271E+2	0.000000E+0
9.018358E+2	3.000000E+0
9.018445E+2	8.000000E+0
9.018533E+2	4.000000E+0
9.018621E+2	-3.000000E+0
9.018708E+2	3.000000E+0
9.018796E+2	-7.000000E+0
9.018883E+2	4.000000E+0
9.018971E+2	8.000000E+0
9.019058E+2	-2.000000E+0
9.019146E+2	1.200000E+1
9.019233E+2	4.000000E+0
9.019321E+2	3.000000E+0
9.019408E+2	5.000000E+0
9.019496E+2	-7.000000E+0
9.019583E+2	-2.000000E+0
9.019670E+2	1.000000E+0
9.019758E+2	8.000000E+0
9.019846E+2	-7.000000E+0
9.019933E+2	-3.000000E+0
9.020021E+2	9.000000E+0
9.020108E+2	0.000000E+0
9.020195E+2	-4.000000E+0
9.020283E+2	-7.000000E+0
9.020370E+2	2.000000E+0
9.020458E+2	2.000000E+0
9.020546E+2	4.000000E+0
9.020633E+2	4.000000E+0
9.020720E+2	0.000000E+0
9.020808E+2	0.000000E+0
9.020895E+2	-1.000000E+0
9.020983E+2	-6.000000E+0
9.021071E+2	4.000000E+0
9.021158E+2	-6.000000E+0
9.021245E+2	-5.000000E+0
9.021333E+2	1.100000E+1
9.021420E+2	-6.000000E+0
9.021508E+2	1.400000E+1
9.021595E+2	2.000000E+0
9.021683E+2	-3.000000E+0
9.021770E+2	2.000000E+0
9.021857E+2	-6.000000E+0
9.021945E+2	-5.000000E+0
9.022032E+2	-4.000000E+0
9.022120E+2	1.400000E+1
9.022208E+2	-5.000000E+0
9.022295E+2	8.000000E+0
9.022382E+2	2.000000E+0
9.022469E+2	0.000000E+0
9.022557E+2	2.000000E+0
9.022645E+2	-2.000000E+0
9.022732E+2	1.000000E+0
9.022820E+2	5.000000E+0
9.022907E+2	5.000000E+0
9.022994E+2	0.000000E+0
9.023082E+2	3.000000E+0
9.023170E+2	1.000000E+1
9.023257E+2	-1.000000E+1
9.023344E+2	6.000000E+0
9.023431E+2	-2.000000E+0
9.023519E+2	1.300000E+1
9.023607E+2	8.000000E+0
9.023694E+2	6.000000E+0
9.023782E+2	-5.000000E+0
9.023869E+2	-1.000000E+0
9.023956E+2	8.000000E+0
9.024044E+2	4.000000E+0
9.024131E+2	1.000000E+0
9.024219E+2	5.000000E+0
9.024306E+2	4.000000E+0
9.024393E+2	1.000000E+0
9.024481E+2	-1.000000E+0
9.024568E+2	-1.000000E+0
9.024656E+2	8.000000E+0
9.024743E+2	4.000000E+0
9.024831E+2	1.000000E+1
9.024918E+2	-3.000000E+0
9.025005E+2	-2.000000E+0
9.025093E+2	2.000000E+0
9.025181E+2	0.000000E+0
9.025268E+2	9.000000E+0
9.025355E+2	3.000000E+0
9.025443E+2	0.000000E+0
9.025530E+2	1.000000E+1
9.025618E+2	-5.000000E+0
9.025705E+2	1.000000E+0
9.025792E+2	8.000000E+0
9.025880E+2	3.000000E+0
9.025967E+2	4.000000E+0
9.026055E+2	-4.000000E+0
9.026142E+2	1.100000E+1
9.026229E+2	-1.000000E+0
9.026317E+2	8.000000E+0
9.026404E+2	-5.000000E+0
9.026492E+2	-2.000000E+0
9.026579E+2	-7.000000E+0
9.026666E+2	-2.000000E+0
9.026754E+2	7.000000E+0
9.026841E+2	-6.000000E+0
9.026929E+2	-2.000000E+0
9.027016E+2	2.000000E+0
9.027103E+2	-2.000000E+0
9.027191E+2	3.000000E+0
9.027278E+2	-2.000000E+0
9.027366E+2	-4.000000E+0
9.027453E+2	6.000000E+0
9.027540E+2	-4.000000E+0
9.027628E+2	6.000000E+0
9.027715E+2	0.000000E+0
9.027803E+2	3.000000E+0
9.027890E+2	9.000000E+0
9.027977E+2	5.000000E+0
9.028065E+2	1.100000E+1
9.028152E+2	-4.000000E+0
9.028240E+2	-5.000000E+0
9.028327E+2	1.000000E+0
9.028414E+2	0.000000E+0
9.028502E+2	6.000000E+0
