8.859335E+2	5.000000E+0
8.859424E+2	-8.000000E+0
8.859514E+2	1.000000E+1
8.859603E+2	-5.000000E+0
8.859692E+2	-2.000000E+0
8.859781E+2	-1.000000E+0
8.859871E+2	1.400000E+1
8.859960E+2	-2.000000E+0
8.860049E+2	-1.000000E+0
8.860139E+2	-5.000000E+0
8.860228E+2	-2.000000E+0
8.860317E+2	1.400000E+1
8.860406E+2	6.000000E+0
8.860496E+2	2.000000E+0
8.860585E+2	4.000000E+0
8.860674E+2	1.400000E+1
8.860764E+2	-2.000000E+0
8.860853E+2	-2.000000E+0
8.860942E+2	1.000000E+0
8.861031E+2	-6.000000E+0
8.861121E+2	6.000000E+0
8.861210E+2	-2.000000E+0
8.861299E+2	-2.000000E+0
8.861388E+2	1.000000E+0
8.861477E+2	-4.000000E+0
8.861567E+2	3.000000E+0
8.861656E+2	4.000000E+0
8.861745E+2	-6.000000E+0
8.861834E+2	1.000000E+1
8.861923E+2	1.000000E+1
8.862013E+2	-3.000000E+0
8.862102E+2	-9.000000E+0
8.862191E+2	-1.200000E+1
8.862280E+2	0.000000E+0
8.862370E+2	-3.000000E+0
8.862459E+2	0.000000E+0
8.862548E+2	4.000000E+0
8.862637E+2	-3.000000E+0
8.862726E+2	-3.000000E+0
8.862816E+2	-7.000000E+0
8.862905E+2	-8.000000E+0
8.862994E+2	-9.000000E+0
8.863083E+2	2.000000E+0
8.863173E+2	-4.000000E+0
8.863262E+2	1.000000E+1
8.863351E+2	-3.000000E+0
8.863441E+2	6.000000E+0
8.863530E+2	-4.000000E+0
8.863619E+2	-1.000000E+1
8.863708E+2	9.000000E+0
8.863798E+2	-2.000000E+0
8.863887E+2	2.000000E+0
8.863976E+2	0.000000E+0
8.864065E+2	-1.200000E+1
8.864154E+2	-8.000000E+0
8.864243E+2	-3.000000E+0
8.864333E+2	-9.000000E+0
8.864422E+2	-3.000000E+0
8.864511E+2	-3.000000E+0
8.864600E+2	-5.000000E+0
8.864689E+2	-2.400000E+1
8.864778E+2	2.000000E+0
8.864868E+2	-2.000000E+0
8.864957E+2	4.000000E+0
8.865046E+2	4.000000E+0
8.865135E+2	2.000000E+0
8.865225E+2	3.000000E+0
8.865314E+2	4.000000E+0
8.865403E+2	5.000000E+0
8.865493E+2	8.000000E+0
8.865582E+2	1.000000E+1
8.865671E+2	-3.000000E+0
8.865760E+2	2.000000E+0
8.865849E+2	7.000000E+0
8.865938E+2	2.000000E+0
8.866028E+2	-1.000000E+0
8.866117E+2	-1.000000E+0
8.866206E+2	1.000000E+1
8.866295E+2	-9.000000E+0
8.866384E+2	5.000000E+0
8.866473E+2	6.000000E+0
8.866562E+2	4.000000E+0
8.866652E+2	-7.000000E+0
8.866741E+2	-7.000000E+0
8.866830E+2	-1.000000E+0
8.866920E+2	-3.000000E+0
8.867009E+2	1.100000E+1
8.867098E+2	-8.000000E+0
8.867187E+2	1.000000E+0
8.867276E+2	-3.000000E+0
8.867366E+2	-7.000000E+0
8.867455E+2	-1.000000E+0
8.867544E+2	9.000000E+0
8.867633E+2	-3.000000E+0
8.867722E+2	0.000000E+0
8.867811E+2	5.000000E+0
8.867900E+2	-3.000000E+0
8.867990E+2	-3.000000E+0
8.868079E+2	-3.000000E+0
8.868168E+2	0.000000E+0
8.868257E+2	1.000000E+0
8.868347E+2	-7.000000E+0
8.868436E+2	0.000000E+0
8.868525E+2	-5.000000E+0
8.868614E+2	1.000000E+0
8.868703E+2	-2.000000E+0
8.868792E+2	1.100000E+1
8.868881E+2	2.000000E+0
8.868970E+2	-2.000000E+0
8.869060E+2	1.000000E+0
8.869149E+2	7.000000E+0
8.869238E+2	8.000000E+0
8.869327E+2	1.000000E+0
8.869417E+2	3.000000E+0
8.869506E+2	-1.400000E+1
8.869595E+2	-3.000000E+0
8.869684E+2	4.000000E+0
8.869773E+2	0.000000E+0
8.869862E+2	-7.000000E+0
8.869951E+2	3.000000E+0
8.870040E+2	1.000000E+0
8.870130E+2	-1.000000E+0
8.870219E+2	0.000000E+0
8.870308E+2	-3.000000E+0
8.870397E+2	3.000000E+0
8.870486E+2	-2.000000E+0
8.870576E+2	6.000000E+0
8.870665E+2	1.600000E+1
8.870754E+2	-8.000000E+0
8.870843E+2	3.000000E+0
8.870932E+2	4.000000E+0
8.871021E+2	-2.000000E+0
8.871110E+2	-3.000000E+0
8.871199E+2	2.000000E+0
8.871288E+2	0.000000E+0
8.871378E+2	-9.000000E+0
8.871467E+2	2.000000E+0
8.871556E+2	1.000000E+0
8.871646E+2	-9.000000E+0
8.871735E+2	1.000000E+0
8.871824E+2	-4.000000E+0
8.871913E+2	-3.000000E+0
8.872002E+2	-7.000000E+0
8.872091E+2	3.000000E+0
8.872180E+2	-1.000000E+0
8.872269E+2	1.000000E+0
8.872358E+2	-4.000000E+0
8.872448E+2	-4.000000E+0
8.872537E+2	3.000000E+0
8.872626E+2	-1.000000E+0
8.872715E+2	-5.000000E+0
8.872804E+2	1.000000E+0
8.872893E+2	-3.000000E+0
8.872982E+2	0.000000E+0
8.873071E+2	-1.400000E+1
8.873160E+2	1.000000E+0
8.873250E+2	-3.000000E+0
8.873339E+2	-1.000000E+1
8.873428E+2	5.000000E+0
8.873517E+2	-8.000000E+0
8.873606E+2	-1.000000E+0
8.873695E+2	-5.000000E+0
8.873784E+2	7.000000E+0
8.873873E+2	0.000000E+0
8.873962E+2	-3.000000E+0
8.874052E+2	-1.000000E+0
8.874141E+2	3.000000E+0
8.874230E+2	6.000000E+0
8.874319E+2	-3.000000E+0
8.874408E+2	0.000000E+0
8.874497E+2	3.000000E+0
8.874586E+2	-3.000000E+0
8.874675E+2	-8.000000E+0
8.874764E+2	8.000000E+0
8.874854E+2	-1.000000E+0
8.874943E+2	1.000000E+0
8.875032E+2	-3.000000E+0
8.875121E+2	5.000000E+0
8.875210E+2	2.000000E+0
8.875299E+2	-4.000000E+0
8.875388E+2	7.000000E+0
8.875477E+2	-3.000000E+0
8.875566E+2	-4.000000E+0
8.875656E+2	2.000000E+0
8.875745E+2	1.000000E+0
8.875834E+2	-1.000000E+0
8.875923E+2	0.000000E+0
8.876012E+2	-1.000000E+0
8.876101E+2	-1.000000E+0
8.876190E+2	5.000000E+0
8.876279E+2	-6.000000E+0
8.876368E+2	0.000000E+0
8.876458E+2	4.000000E+0
8.876547E+2	1.000000E+0
8.876636E+2	-1.000000E+0
8.876725E+2	1.400000E+1
8.876814E+2	3.000000E+0
8.876903E+2	-8.000000E+0
8.876992E+2	-1.000000E+0
8.877081E+2	2.000000E+0
8.877170E+2	0.000000E+0
8.877260E+2	2.000000E+0
8.877349E+2	6.000000E+0
8.877438E+2	-8.000000E+0
8.877527E+2	-5.000000E+0
8.877616E+2	-5.000000E+0
8.877705E+2	-2.000000E+0
8.877794E+2	1.000000E+0
8.877883E+2	-8.000000E+0
8.877972E+2	8.000000E+0
8.878061E+2	-8.000000E+0
8.878150E+2	5.000000E+0
8.878239E+2	-3.000000E+0
8.878328E+2	4.000000E+0
8.878417E+2	-8.000000E+0
8.878506E+2	-1.000000E+0
8.878596E+2	-2.000000E+0
8.878685E+2	5.000000E+0
8.878774E+2	-3.000000E+0
8.878863E+2	-2.000000E+0
8.878952E+2	1.000000E+0
8.879041E+2	1.000000E+0
8.879130E+2	2.000000E+0
8.879219E+2	0.000000E+0
8.879308E+2	5.000000E+0
8.879397E+2	3.000000E+0
8.879486E+2	-6.000000E+0
8.879575E+2	0.000000E+0
8.879664E+2	5.000000E+0
8.879753E+2	2.000000E+0
8.879843E+2	3.000000E+0
8.879932E+2	-5.000000E+0
8.880021E+2	-8.000000E+0
8.880110E+2	-8.000000E+0
8.880199E+2	-3.000000E+0
8.880287E+2	5.000000E+0
8.880377E+2	3.000000E+0
8.880466E+2	-7.000000E+0
8.880555E+2	-9.000000E+0
8.880644E+2	-5.000000E+0
8.880733E+2	-7.000000E+0
8.880822E+2	9.000000E+0
8.880911E+2	-8.000000E+0
8.881000E+2	4.000000E+0
8.881089E+2	1.000000E+0
8.881178E+2	-3.000000E+0
8.881267E+2	-6.000000E+0
8.881356E+2	-7.000000E+0
8.881445E+2	-5.000000E+0
8.881534E+2	-1.000000E+0
8.881624E+2	3.000000E+0
8.881713E+2	8.000000E+0
8.881802E+2	6.000000E+0
8.881890E+2	5.000000E+0
8.881979E+2	3.000000E+0
8.882068E+2	-5.000000E+0
8.882158E+2	1.000000E+0
8.882247E+2	8.000000E+0
8.882336E+2	-1.000000E+0
8.882425E+2	6.000000E+0
8.882514E+2	5.000000E+0
8.882603E+2	-6.000000E+0
8.882692E+2	-8.000000E+0
8.882781E+2	2.000000E+0
8.882870E+2	-9.000000E+0
8.882959E+2	9.000000E+0
8.883048E+2	6.000000E+0
8.883137E+2	-4.000000E+0
8.883226E+2	1.000000E+1
8.883315E+2	1.200000E+1
8.883404E+2	1.100000E+1
8.883493E+2	3.000000E+0
8.883582E+2	-1.000000E+0
8.883671E+2	8.000000E+0
8.883760E+2	1.400000E+1
8.883849E+2	7.000000E+0
8.883938E+2	7.000000E+0
8.884027E+2	5.000000E+0
8.884116E+2	6.000000E+0
8.884205E+2	1.300000E+1
8.884294E+2	1.500000E+1
8.884383E+2	9.000000E+0
8.884472E+2	5.000000E+0
8.884561E+2	1.900000E+1
8.884650E+2	9.000000E+0
8.884739E+2	9.000000E+0
8.884828E+2	2.000000E+0
8.884917E+2	4.000000E+0
8.885006E+2	0.000000E+0
8.885095E+2	2.000000E+0
8.885184E+2	1.000000E+0
8.885273E+2	1.200000E+1
8.885363E+2	8.000000E+0
8.885451E+2	6.000000E+0
8.885540E+2	1.300000E+1
8.885629E+2	0.000000E+0
8.885718E+2	4.000000E+0
8.885807E+2	1.000000E+0
8.885896E+2	3.000000E+0
8.885985E+2	7.000000E+0
8.886074E+2	6.000000E+0
8.886163E+2	0.000000E+0
8.886252E+2	2.000000E+0
8.886342E+2	3.000000E+0
8.886430E+2	3.000000E+0
8.886519E+2	2.000000E+0
8.886608E+2	9.000000E+0
8.886697E+2	0.000000E+0
8.886786E+2	2.000000E+0
8.886875E+2	0.000000E+0
8.886964E+2	4.000000E+0
8.887053E+2	1.300000E+1
8.887142E+2	8.000000E+0
8.887231E+2	1.000000E+0
8.887320E+2	-1.000000E+0
8.887409E+2	-5.000000E+0
8.887498E+2	0.000000E+0
8.887587E+2	-7.000000E+0
8.887676E+2	4.000000E+0
8.887765E+2	4.000000E+0
8.887854E+2	4.000000E+0
8.887943E+2	-5.000000E+0
8.888032E+2	2.000000E+0
8.888121E+2	6.000000E+0
8.888210E+2	6.000000E+0
8.888299E+2	6.000000E+0
8.888388E+2	-2.000000E+0
8.888477E+2	1.000000E+0
8.888566E+2	-3.000000E+0
8.888655E+2	-3.000000E+0
8.888744E+2	2.200000E+1
8.888832E+2	-4.000000E+0
8.888922E+2	-1.000000E+0
8.889011E+2	8.000000E+0
8.889100E+2	0.000000E+0
8.889188E+2	-8.000000E+0
8.889277E+2	-1.000000E+1
8.889366E+2	6.000000E+0
8.889456E+2	-5.000000E+0
8.889544E+2	-2.000000E+0
8.889633E+2	1.000000E+0
8.889722E+2	-2.000000E+0
8.889811E+2	-2.000000E+0
8.889900E+2	4.000000E+0
8.889989E+2	8.000000E+0
8.890078E+2	-7.000000E+0
8.890167E+2	-3.000000E+0
8.890256E+2	1.000000E+0
8.890345E+2	1.000000E+0
8.890434E+2	1.000000E+0
8.890523E+2	4.000000E+0
8.890612E+2	6.000000E+0
8.890701E+2	7.000000E+0
8.890790E+2	9.000000E+0
8.890879E+2	0.000000E+0
8.890967E+2	3.000000E+0
8.891057E+2	5.000000E+0
8.891146E+2	6.000000E+0
8.891234E+2	5.000000E+0
8.891323E+2	7.000000E+0
8.891412E+2	3.000000E+0
8.891501E+2	-6.000000E+0
8.891590E+2	-1.000000E+0
8.891679E+2	-1.000000E+0
8.891768E+2	-5.000000E+0
8.891857E+2	-3.000000E+0
8.891946E+2	8.000000E+0
8.892035E+2	1.000000E+0
8.892124E+2	5.000000E+0
8.892213E+2	1.000000E+1
8.892302E+2	1.000000E+0
8.892391E+2	0.000000E+0
8.892479E+2	0.000000E+0
8.892568E+2	9.000000E+0
8.892657E+2	7.000000E+0
8.892747E+2	1.000000E+0
8.892835E+2	4.000000E+0
8.892924E+2	1.000000E+1
8.893013E+2	5.000000E+0
8.893102E+2	-1.000000E+0
8.893191E+2	1.000000E+0
8.893280E+2	0.000000E+0
8.893369E+2	0.000000E+0
8.893458E+2	-2.000000E+0
8.893547E+2	3.000000E+0
8.893635E+2	5.000000E+0
8.893724E+2	1.100000E+1
8.893813E+2	-4.000000E+0
8.893902E+2	-1.000000E+1
8.893991E+2	3.000000E+0
8.894080E+2	-7.000000E+0
8.894169E+2	-1.200000E+1
8.894258E+2	-4.000000E+0
8.894347E+2	1.000000E+0
8.894435E+2	1.200000E+1
8.894525E+2	-1.000000E+0
8.894614E+2	1.000000E+0
8.894702E+2	-1.000000E+0
8.894791E+2	3.000000E+0
8.894880E+2	4.000000E+0
8.894969E+2	-1.000000E+0
8.895058E+2	-6.000000E+0
8.895147E+2	4.000000E+0
8.895236E+2	9.000000E+0
8.895325E+2	2.000000E+0
8.895414E+2	4.000000E+0
8.895502E+2	4.000000E+0
8.895591E+2	4.000000E+0
8.895681E+2	8.000000E+0
8.895769E+2	4.000000E+0
8.895858E+2	6.000000E+0
8.895947E+2	3.000000E+0
8.896036E+2	1.100000E+1
8.896125E+2	1.000000E+0
8.896214E+2	1.200000E+1
8.896302E+2	-3.000000E+0
8.896392E+2	1.000000E+0
8.896480E+2	7.000000E+0
8.896569E+2	-2.000000E+0
8.896658E+2	5.000000E+0
8.896747E+2	1.700000E+1
8.896836E+2	1.200000E+1
8.896925E+2	1.100000E+1
8.897014E+2	-2.000000E+0
8.897103E+2	2.000000E+0
8.897191E+2	1.200000E+1
8.897280E+2	-3.000000E+0
8.897369E+2	3.000000E+0
8.897458E+2	9.000000E+0
8.897547E+2	1.100000E+1
8.897636E+2	1.800000E+1
8.897725E+2	1.800000E+1
8.897814E+2	-2.000000E+0
8.897902E+2	1.900000E+1
8.897991E+2	9.000000E+0
8.898080E+2	9.000000E+0
8.898169E+2	6.000000E+0
8.898258E+2	1.200000E+1
8.898347E+2	1.100000E+1
8.898436E+2	7.000000E+0
8.898525E+2	5.000000E+0
8.898613E+2	4.000000E+0
8.898702E+2	5.000000E+0
8.898791E+2	-2.000000E+0
8.898880E+2	1.300000E+1
8.898969E+2	-1.000000E+0
8.899058E+2	6.000000E+0
8.899147E+2	8.000000E+0
8.899235E+2	1.200000E+1
8.899324E+2	5.000000E+0
8.899413E+2	6.000000E+0
8.899502E+2	9.000000E+0
8.899591E+2	1.300000E+1
8.899680E+2	6.000000E+0
8.899769E+2	5.000000E+0
8.899857E+2	1.200000E+1
8.899946E+2	1.000000E+1
8.900035E+2	1.200000E+1
8.900124E+2	6.000000E+0
8.900213E+2	1.500000E+1
8.900302E+2	1.000000E+1
8.900391E+2	1.000000E+1
8.900479E+2	1.400000E+1
8.900568E+2	1.700000E+1
8.900657E+2	1.100000E+1
8.900746E+2	1.000000E+0
8.900835E+2	8.000000E+0
8.900923E+2	7.000000E+0
8.901013E+2	1.800000E+1
8.901101E+2	1.200000E+1
8.901190E+2	1.700000E+1
8.901279E+2	1.800000E+1
8.901368E+2	1.900000E+1
8.901456E+2	1.400000E+1
8.901545E+2	2.700000E+1
8.901635E+2	2.800000E+1
8.901723E+2	1.600000E+1
8.901812E+2	1.700000E+1
8.901901E+2	2.100000E+1
8.901990E+2	1.700000E+1
8.902078E+2	1.500000E+1
8.902167E+2	1.100000E+1
8.902256E+2	1.000000E+1
8.902345E+2	2.500000E+1
8.902433E+2	2.400000E+1
8.902523E+2	5.300000E+1
8.902611E+2	5.400000E+1
8.902700E+2	8.800000E+1
8.902789E+2	1.290000E+2
8.902878E+2	1.640000E+2
8.902967E+2	2.020000E+2
8.903055E+2	2.640000E+2
8.903145E+2	2.770000E+2
8.903233E+2	2.520000E+2
8.903322E+2	2.590000E+2
8.903411E+2	2.730000E+2
8.903500E+2	2.220000E+2
8.903588E+2	1.880000E+2
8.903677E+2	1.160000E+2
8.903766E+2	1.170000E+2
8.903855E+2	9.500000E+1
8.903943E+2	5.700000E+1
8.904033E+2	5.300000E+1
8.904121E+2	3.400000E+1
8.904210E+2	3.000000E+1
8.904299E+2	1.900000E+1
8.904388E+2	2.500000E+1
8.904476E+2	2.600000E+1
8.904565E+2	1.200000E+1
8.904654E+2	1.700000E+1
8.904743E+2	1.700000E+1
8.904832E+2	1.500000E+1
8.904921E+2	1.900000E+1
8.905009E+2	2.000000E+1
8.905098E+2	2.700000E+1
8.905187E+2	2.300000E+1
8.905276E+2	2.500000E+1
8.905364E+2	1.400000E+1
8.905453E+2	2.200000E+1
8.905542E+2	3.100000E+1
8.905631E+2	2.700000E+1
8.905720E+2	3.300000E+1
8.905809E+2	4.500000E+1
8.905897E+2	3.400000E+1
8.905986E+2	4.100000E+1
8.906075E+2	3.400000E+1
8.906163E+2	4.100000E+1
8.906252E+2	6.000000E+1
8.906341E+2	2.800000E+1
8.906430E+2	5.600000E+1
8.906519E+2	5.700000E+1
8.906608E+2	4.500000E+1
8.906696E+2	6.600000E+1
8.906785E+2	4.300000E+1
8.906874E+2	5.400000E+1
8.906963E+2	5.200000E+1
8.907051E+2	4.400000E+1
8.907140E+2	6.500000E+1
8.907229E+2	6.700000E+1
8.907318E+2	8.700000E+1
8.907407E+2	8.900000E+1
8.907495E+2	1.110000E+2
8.907584E+2	1.110000E+2
8.907673E+2	9.400000E+1
8.907762E+2	1.160000E+2
8.907850E+2	9.300000E+1
8.907939E+2	8.300000E+1
8.908028E+2	7.700000E+1
8.908116E+2	4.700000E+1
8.908206E+2	6.000000E+1
8.908294E+2	5.300000E+1
8.908383E+2	3.400000E+1
8.908472E+2	3.000000E+1
8.908561E+2	3.200000E+1
8.908649E+2	3.300000E+1
8.908738E+2	2.000000E+1
8.908827E+2	3.800000E+1
8.908915E+2	2.800000E+1
8.909005E+2	3.500000E+1
8.909093E+2	2.500000E+1
8.909182E+2	3.400000E+1
8.909271E+2	1.900000E+1
8.909359E+2	2.800000E+1
8.909448E+2	3.400000E+1
8.909537E+2	2.100000E+1
8.909626E+2	3.100000E+1
8.909714E+2	2.200000E+1
8.909803E+2	2.400000E+1
8.909892E+2	2.500000E+1
8.909980E+2	3.000000E+1
8.910070E+2	1.400000E+1
8.910158E+2	3.700000E+1
8.910247E+2	3.900000E+1
8.910336E+2	3.200000E+1
8.910424E+2	2.300000E+1
8.910513E+2	3.500000E+1
8.910602E+2	3.100000E+1
8.910690E+2	4.100000E+1
8.910779E+2	4.100000E+1
8.910868E+2	3.800000E+1
8.910957E+2	5.700000E+1
8.911046E+2	6.800000E+1
8.911134E+2	6.900000E+1
8.911223E+2	1.160000E+2
8.911312E+2	1.870000E+2
8.911400E+2	3.090000E+2
8.911489E+2	5.190000E+2
8.911578E+2	7.950000E+2
8.911667E+2	1.091000E+3
8.911755E+2	1.292000E+3
8.911844E+2	1.301000E+3
8.911933E+2	1.361000E+3
8.912021E+2	1.310000E+3
8.912110E+2	1.226000E+3
8.912199E+2	1.110000E+3
8.912288E+2	9.350000E+2
8.912377E+2	8.070000E+2
8.912465E+2	5.970000E+2
8.912554E+2	3.660000E+2
8.912643E+2	2.190000E+2
8.912731E+2	1.300000E+2
8.912820E+2	9.600000E+1
8.912909E+2	7.500000E+1
8.912997E+2	5.800000E+1
8.913086E+2	6.200000E+1
8.913175E+2	5.500000E+1
8.913264E+2	4.700000E+1
8.913352E+2	3.700000E+1
8.913441E+2	5.500000E+1
8.913530E+2	3.800000E+1
8.913618E+2	4.900000E+1
8.913707E+2	3.800000E+1
8.913796E+2	4.100000E+1
8.913884E+2	4.200000E+1
8.913973E+2	6.600000E+1
8.914062E+2	6.200000E+1
8.914150E+2	5.900000E+1
8.914240E+2	5.800000E+1
8.914328E+2	6.000000E+1
8.914417E+2	5.500000E+1
8.914506E+2	4.600000E+1
8.914594E+2	3.700000E+1
8.914683E+2	4.000000E+1
8.914772E+2	4.000000E+1
8.914860E+2	3.000000E+1
8.914949E+2	2.700000E+1
8.915038E+2	4.300000E+1
8.915126E+2	4.100000E+1
8.915215E+2	3.600000E+1
8.915304E+2	6.200000E+1
8.915392E+2	8.500000E+1
8.915481E+2	1.220000E+2
8.915570E+2	1.680000E+2
8.915659E+2	2.140000E+2
8.915747E+2	2.670000E+2
8.915836E+2	2.980000E+2
8.915925E+2	3.410000E+2
8.916013E+2	2.730000E+2
8.916102E+2	2.650000E+2
8.916191E+2	2.420000E+2
8.916279E+2	2.470000E+2
8.916368E+2	1.680000E+2
8.916457E+2	1.370000E+2
8.916545E+2	1.350000E+2
8.916634E+2	8.900000E+1
8.916722E+2	8.200000E+1
8.916812E+2	6.700000E+1
8.916900E+2	8.200000E+1
8.916989E+2	7.900000E+1
8.917078E+2	5.500000E+1
8.917166E+2	5.200000E+1
8.917255E+2	4.300000E+1
8.917343E+2	5.200000E+1
8.917432E+2	3.800000E+1
8.917521E+2	3.100000E+1
8.917609E+2	3.100000E+1
8.917698E+2	4.000000E+1
8.917787E+2	2.100000E+1
8.917875E+2	3.600000E+1
8.917964E+2	2.400000E+1
8.918053E+2	1.800000E+1
8.918141E+2	3.400000E+1
8.918230E+2	2.200000E+1
8.918318E+2	2.900000E+1
8.918408E+2	2.300000E+1
8.918496E+2	2.300000E+1
8.918585E+2	1.100000E+1
8.918673E+2	2.400000E+1
8.918762E+2	1.600000E+1
8.918851E+2	1.200000E+1
8.918939E+2	1.600000E+1
8.919028E+2	2.000000E+1
8.919117E+2	1.500000E+1
8.919205E+2	3.000000E+1
8.919294E+2	1.400000E+1
8.919382E+2	1.900000E+1
8.919471E+2	1.700000E+1
8.919560E+2	2.400000E+1
8.919648E+2	1.500000E+1
8.919737E+2	1.700000E+1
8.919826E+2	1.600000E+1
8.919915E+2	1.600000E+1
8.920003E+2	9.000000E+0
8.920092E+2	2.100000E+1
8.920181E+2	1.500000E+1
8.920269E+2	3.600000E+1
8.920358E+2	2.900000E+1
8.920446E+2	1.900000E+1
8.920535E+2	2.000000E+1
8.920624E+2	1.700000E+1
8.920712E+2	2.700000E+1
8.920801E+2	1.400000E+1
8.920889E+2	1.800000E+1
8.920978E+2	2.500000E+1
8.921067E+2	2.300000E+1
8.921155E+2	1.500000E+1
8.921244E+2	2.600000E+1
8.921332E+2	2.500000E+1
8.921422E+2	2.200000E+1
8.921510E+2	2.300000E+1
8.921599E+2	1.900000E+1
8.921687E+2	9.000000E+0
8.921776E+2	2.800000E+1
8.921865E+2	5.000000E+0
8.921953E+2	-3.000000E+0
8.922042E+2	3.100000E+1
8.922130E+2	9.000000E+0
8.922219E+2	1.100000E+1
8.922308E+2	1.700000E+1
8.922396E+2	1.000000E+1
8.922485E+2	2.800000E+1
8.922573E+2	-6.000000E+0
8.922662E+2	4.000000E+0
8.922750E+2	2.900000E+1
8.922839E+2	6.000000E+0
8.922928E+2	7.000000E+0
8.923016E+2	6.000000E+0
8.923105E+2	1.600000E+1
8.923193E+2	1.600000E+1
8.923282E+2	1.100000E+1
8.923371E+2	1.200000E+1
8.923459E+2	1.800000E+1
8.923548E+2	0.000000E+0
8.923636E+2	8.000000E+0
8.923725E+2	1.000000E+1
8.923814E+2	7.000000E+0
8.923903E+2	9.000000E+0
8.923991E+2	1.000000E+1
8.924080E+2	4.000000E+0
8.924168E+2	8.000000E+0
8.924257E+2	1.400000E+1
8.924346E+2	3.000000E+0
8.924434E+2	-2.000000E+0
8.924523E+2	8.000000E+0
8.924611E+2	0.000000E+0
8.924700E+2	6.000000E+0
8.924788E+2	-1.000000E+0
8.924877E+2	-5.000000E+0
8.924966E+2	2.000000E+0
8.925054E+2	1.200000E+1
8.925143E+2	7.000000E+0
8.925231E+2	2.000000E+0
8.925320E+2	1.000000E+1
8.925408E+2	8.000000E+0
8.925497E+2	1.800000E+1
8.925586E+2	2.900000E+1
8.925674E+2	2.200000E+1
8.925763E+2	1.100000E+1
8.925851E+2	2.000000E+1
8.925940E+2	1.000000E+1
8.926028E+2	6.000000E+0
8.926117E+2	2.000000E+1
8.926206E+2	1.600000E+1
8.926295E+2	2.400000E+1
8.926383E+2	1.500000E+1
8.926472E+2	2.400000E+1
8.926560E+2	4.000000E+0
8.926649E+2	2.200000E+1
8.926737E+2	1.700000E+1
8.926826E+2	8.000000E+0
8.926914E+2	1.600000E+1
8.927003E+2	9.000000E+0
8.927092E+2	6.000000E+0
8.927180E+2	0.000000E+0
8.927269E+2	0.000000E+0
8.927357E+2	-2.000000E+0
8.927446E+2	7.000000E+0
8.927534E+2	6.000000E+0
8.927623E+2	9.000000E+0
8.927711E+2	1.700000E+1
8.927800E+2	1.000000E+1
8.927889E+2	-1.000000E+0
8.927977E+2	-3.000000E+0
8.928066E+2	9.000000E+0
8.928154E+2	3.000000E+0
8.928243E+2	7.000000E+0
8.928331E+2	1.400000E+1
8.928420E+2	-6.000000E+0
8.928508E+2	8.000000E+0
8.928597E+2	5.000000E+0
8.928685E+2	1.200000E+1
8.928774E+2	9.000000E+0
8.928863E+2	3.000000E+0
8.928951E+2	1.000000E+1
8.929040E+2	5.000000E+0
8.929128E+2	2.000000E+1
8.929217E+2	1.700000E+1
8.929305E+2	2.000000E+0
8.929394E+2	3.200000E+1
8.929482E+2	8.000000E+0
8.929571E+2	5.000000E+0
8.929659E+2	1.200000E+1
8.929748E+2	4.000000E+0
8.929836E+2	-2.000000E+0
8.929925E+2	-1.300000E+1
8.930013E+2	4.000000E+0
8.930103E+2	1.200000E+1
8.930191E+2	2.000000E+0
8.930280E+2	1.500000E+1
8.930368E+2	5.000000E+0
8.930457E+2	1.700000E+1
8.930545E+2	9.000000E+0
8.930634E+2	1.000000E+0
8.930722E+2	9.000000E+0
8.930811E+2	0.000000E+0
8.930899E+2	-2.000000E+0
8.930988E+2	-4.000000E+0
8.931076E+2	1.500000E+1
8.931165E+2	1.600000E+1
8.931253E+2	9.000000E+0
8.931342E+2	6.000000E+0
8.931430E+2	1.000000E+1
8.931519E+2	6.000000E+0
8.931607E+2	2.400000E+1
8.931696E+2	1.200000E+1
8.931784E+2	5.000000E+0
8.931873E+2	1.900000E+1
8.931961E+2	7.000000E+0
8.932050E+2	1.000000E+1
8.932138E+2	8.000000E+0
8.932227E+2	1.500000E+1
8.932315E+2	1.000000E+0
8.932404E+2	1.100000E+1
8.932492E+2	1.700000E+1
8.932581E+2	1.700000E+1
8.932670E+2	8.000000E+0
8.932758E+2	1.700000E+1
8.932847E+2	1.100000E+1
8.932935E+2	1.800000E+1
8.933024E+2	1.500000E+1
8.933112E+2	1.700000E+1
8.933201E+2	1.700000E+1
8.933289E+2	1.400000E+1
8.933378E+2	2.300000E+1
8.933466E+2	1.900000E+1
8.933555E+2	7.000000E+0
8.933643E+2	2.500000E+1
8.933732E+2	2.200000E+1
8.933820E+2	1.500000E+1
8.933909E+2	2.500000E+1
8.933997E+2	1.200000E+1
8.934086E+2	1.500000E+1
8.934174E+2	1.800000E+1
8.934262E+2	2.500000E+1
8.934351E+2	1.400000E+1
8.934439E+2	3.100000E+1
8.934528E+2	2.200000E+1
8.934616E+2	3.300000E+1
8.934705E+2	3.400000E+1
8.934793E+2	2.100000E+1
8.934882E+2	1.300000E+1
8.934970E+2	3.700000E+1
8.935059E+2	4.800000E+1
8.935147E+2	4.600000E+1
8.935236E+2	5.800000E+1
8.935324E+2	5.800000E+1
8.935413E+2	4.400000E+1
8.935501E+2	5.000000E+1
8.935590E+2	6.800000E+1
8.935678E+2	4.500000E+1
8.935767E+2	7.300000E+1
8.935855E+2	6.500000E+1
8.935944E+2	6.100000E+1
8.936032E+2	8.100000E+1
8.936121E+2	1.080000E+2
8.936209E+2	1.540000E+2
8.936298E+2	2.070000E+2
8.936386E+2	3.460000E+2
8.936475E+2	4.150000E+2
8.936563E+2	5.580000E+2
8.936652E+2	7.360000E+2
8.936740E+2	8.640000E+2
8.936828E+2	8.820000E+2
8.936917E+2	9.750000E+2
8.937005E+2	8.160000E+2
8.937094E+2	8.450000E+2
8.937182E+2	7.380000E+2
8.937271E+2	6.380000E+2
8.937359E+2	5.050000E+2
8.937448E+2	3.720000E+2
8.937536E+2	2.700000E+2
8.937625E+2	1.790000E+2
8.937713E+2	1.040000E+2
8.937802E+2	9.600000E+1
8.937890E+2	8.600000E+1
8.937979E+2	3.400000E+1
8.938066E+2	5.800000E+1
8.938155E+2	4.900000E+1
8.938243E+2	5.100000E+1
8.938332E+2	4.100000E+1
8.938420E+2	5.200000E+1
8.938509E+2	4.600000E+1
8.938597E+2	4.500000E+1
8.938686E+2	6.100000E+1
8.938774E+2	4.200000E+1
8.938863E+2	5.100000E+1
8.938951E+2	7.500000E+1
8.939039E+2	8.300000E+1
8.939128E+2	7.000000E+1
8.939216E+2	8.300000E+1
8.939305E+2	1.170000E+2
8.939393E+2	1.400000E+2
8.939482E+2	1.940000E+2
8.939570E+2	2.200000E+2
8.939659E+2	2.760000E+2
8.939747E+2	3.030000E+2
8.939835E+2	3.110000E+2
8.939924E+2	2.600000E+2
8.940012E+2	2.490000E+2
8.940101E+2	2.010000E+2
8.940189E+2	1.590000E+2
8.940278E+2	1.630000E+2
8.940366E+2	1.400000E+2
8.940455E+2	1.220000E+2
8.940543E+2	9.100000E+1
8.940631E+2	5.500000E+1
8.940720E+2	5.200000E+1
8.940808E+2	3.000000E+1
8.940897E+2	2.700000E+1
8.940985E+2	3.400000E+1
8.941074E+2	2.700000E+1
8.941162E+2	3.100000E+1
8.941250E+2	3.800000E+1
8.941339E+2	2.500000E+1
8.941427E+2	3.500000E+1
8.941516E+2	3.300000E+1
8.941604E+2	2.500000E+1
8.941693E+2	2.400000E+1
8.941781E+2	2.300000E+1
8.941869E+2	2.800000E+1
8.941957E+2	2.700000E+1
8.942046E+2	2.500000E+1
8.942134E+2	2.000000E+1
8.942223E+2	2.200000E+1
8.942311E+2	2.100000E+1
8.942400E+2	2.700000E+1
8.942488E+2	2.500000E+1
8.942576E+2	4.100000E+1
8.942665E+2	4.100000E+1
8.942753E+2	3.300000E+1
8.942842E+2	3.600000E+1
8.942930E+2	5.600000E+1
8.943018E+2	6.700000E+1
8.943107E+2	5.800000E+1
8.943195E+2	6.800000E+1
8.943284E+2	7.100000E+1
8.943372E+2	4.800000E+1
8.943461E+2	6.600000E+1
8.943549E+2	7.100000E+1
8.943637E+2	8.400000E+1
8.943726E+2	7.000000E+1
8.943814E+2	5.800000E+1
8.943903E+2	5.000000E+1
8.943991E+2	3.900000E+1
8.944079E+2	4.100000E+1
8.944167E+2	3.900000E+1
8.944256E+2	3.200000E+1
8.944344E+2	3.100000E+1
8.944433E+2	2.500000E+1
8.944521E+2	2.000000E+1
8.944609E+2	2.000000E+1
8.944698E+2	1.800000E+1
8.944786E+2	1.500000E+1
8.944875E+2	1.300000E+1
8.944963E+2	1.300000E+1
8.945051E+2	0.000000E+0
8.945140E+2	1.400000E+1
8.945228E+2	4.000000E+0
8.945317E+2	8.000000E+0
8.945405E+2	2.200000E+1
8.945493E+2	1.400000E+1
8.945582E+2	1.600000E+1
8.945670E+2	2.500000E+1
8.945759E+2	2.000000E+1
8.945847E+2	1.300000E+1
8.945935E+2	2.400000E+1
8.946024E+2	2.200000E+1
8.946112E+2	1.000000E+1
8.946200E+2	1.400000E+1
8.946288E+2	1.200000E+1
8.946377E+2	1.000000E+1
8.946465E+2	3.000000E+0
8.946553E+2	-5.000000E+0
8.946642E+2	3.000000E+0
8.946730E+2	7.000000E+0
8.946819E+2	1.000000E+1
8.946907E+2	2.200000E+1
8.946995E+2	6.000000E+0
8.947084E+2	1.000000E+1
8.947172E+2	1.200000E+1
8.947261E+2	1.000000E+1
8.947349E+2	1.000000E+0
8.947437E+2	1.000000E+0
8.947526E+2	1.500000E+1
8.947614E+2	1.000000E+0
8.947702E+2	1.000000E+1
8.947791E+2	6.000000E+0
8.947879E+2	1.500000E+1
8.947968E+2	9.000000E+0
8.948055E+2	1.300000E+1
8.948144E+2	2.000000E+1
8.948232E+2	1.000000E+0
8.948321E+2	1.000000E+1
8.948409E+2	4.000000E+0
8.948497E+2	1.100000E+1
8.948586E+2	-1.000000E+0
8.948674E+2	0.000000E+0
8.948762E+2	1.200000E+1
8.948851E+2	1.000000E+0
8.948939E+2	5.000000E+0
8.949027E+2	8.000000E+0
8.949116E+2	7.000000E+0
8.949204E+2	3.000000E+0
8.949293E+2	-9.000000E+0
8.949380E+2	3.000000E+0
8.949469E+2	-3.000000E+0
8.949557E+2	1.000000E+1
8.949646E+2	0.000000E+0
8.949734E+2	5.000000E+0
8.949822E+2	6.000000E+0
8.949911E+2	7.000000E+0
8.949999E+2	2.000000E+0
8.950087E+2	6.000000E+0
8.950176E+2	0.000000E+0
8.950264E+2	9.000000E+0
8.950352E+2	1.000000E+0
8.950441E+2	5.000000E+0
8.950529E+2	2.000000E+0
8.950617E+2	1.200000E+1
8.950706E+2	9.000000E+0
8.950794E+2	0.000000E+0
8.950882E+2	1.400000E+1
8.950970E+2	9.000000E+0
8.951059E+2	1.300000E+1
8.951147E+2	1.100000E+1
8.951235E+2	1.500000E+1
8.951324E+2	-6.000000E+0
8.951412E+2	4.000000E+0
8.951500E+2	3.000000E+0
8.951589E+2	8.000000E+0
8.951677E+2	9.000000E+0
8.951765E+2	0.000000E+0
8.951854E+2	1.400000E+1
8.951942E+2	1.100000E+1
8.952030E+2	1.500000E+1
8.952119E+2	1.900000E+1
8.952207E+2	3.000000E+0
8.952295E+2	1.000000E+1
8.952383E+2	1.600000E+1
8.952472E+2	-1.000000E+0
8.952560E+2	1.100000E+1
8.952648E+2	4.000000E+0
8.952737E+2	2.000000E+0
8.952825E+2	6.000000E+0
8.952913E+2	-7.000000E+0
8.953002E+2	1.200000E+1
8.953090E+2	-2.000000E+0
8.953178E+2	1.000000E+1
8.953267E+2	7.000000E+0
8.953354E+2	-1.900000E+1
8.953443E+2	1.100000E+1
8.953531E+2	6.000000E+0
8.953619E+2	2.000000E+0
8.953708E+2	5.000000E+0
8.953796E+2	5.000000E+0
8.953884E+2	-5.000000E+0
8.953973E+2	-5.000000E+0
8.954061E+2	3.000000E+0
8.954149E+2	-2.000000E+0
8.954238E+2	0.000000E+0
8.954326E+2	-3.000000E+0
8.954414E+2	3.000000E+0
8.954503E+2	8.000000E+0
8.954590E+2	4.000000E+0
8.954679E+2	-7.000000E+0
8.954767E+2	1.000000E+0
8.954855E+2	3.000000E+0
8.954944E+2	5.000000E+0
8.955032E+2	0.000000E+0
8.955120E+2	3.000000E+0
8.955209E+2	-7.000000E+0
8.955297E+2	1.200000E+1
8.955385E+2	-2.000000E+0
8.955473E+2	-5.000000E+0
8.955562E+2	-2.000000E+0
8.955650E+2	6.000000E+0
8.955738E+2	4.000000E+0
8.955826E+2	-1.000000E+0
8.955914E+2	1.000000E+1
8.956003E+2	2.000000E+0
8.956091E+2	1.000000E+0
8.956179E+2	2.000000E+0
8.956268E+2	2.000000E+0
8.956356E+2	9.000000E+0
8.956444E+2	5.000000E+0
8.956533E+2	1.400000E+1
8.956620E+2	7.000000E+0
8.956709E+2	-1.000000E+0
8.956797E+2	5.000000E+0
8.956885E+2	-1.000000E+0
8.956974E+2	7.000000E+0
8.957062E+2	-3.000000E+0
8.957150E+2	3.000000E+0
8.957238E+2	1.300000E+1
8.957327E+2	1.000000E+0
8.957415E+2	9.000000E+0
8.957503E+2	-5.000000E+0
8.957592E+2	4.000000E+0
8.957679E+2	1.000000E+0
8.957768E+2	5.000000E+0
8.957856E+2	3.000000E+0
8.957944E+2	-3.000000E+0
8.958033E+2	3.000000E+0
8.958121E+2	-2.000000E+0
8.958209E+2	4.000000E+0
8.958297E+2	2.000000E+0
8.958386E+2	4.000000E+0
8.958474E+2	7.000000E+0
8.958562E+2	-5.000000E+0
8.958650E+2	6.000000E+0
8.958738E+2	0.000000E+0
8.958827E+2	2.000000E+0
8.958915E+2	-1.000000E+0
8.959003E+2	0.000000E+0
8.959091E+2	-9.000000E+0
8.959180E+2	-3.000000E+0
8.959268E+2	2.000000E+0
8.959356E+2	0.000000E+0
8.959444E+2	-4.000000E+0
8.959532E+2	8.000000E+0
8.959620E+2	2.000000E+0
8.959709E+2	6.000000E+0
8.959797E+2	-3.000000E+0
8.959885E+2	3.000000E+0
8.959974E+2	3.000000E+0
8.960062E+2	4.000000E+0
8.960150E+2	4.000000E+0
8.960238E+2	1.000000E+0
8.960327E+2	4.000000E+0
8.960414E+2	-1.000000E+0
8.960503E+2	-1.000000E+0
8.960591E+2	-1.000000E+1
8.960679E+2	-1.000000E+1
8.960767E+2	0.000000E+0
8.960856E+2	7.000000E+0
8.960944E+2	2.000000E+0
8.961032E+2	0.000000E+0
8.961120E+2	4.000000E+0
8.961208E+2	0.000000E+0
8.961296E+2	5.000000E+0
8.961385E+2	0.000000E+0
8.961473E+2	7.000000E+0
8.961561E+2	0.000000E+0
8.961650E+2	8.000000E+0
8.961738E+2	-7.000000E+0
8.961826E+2	5.000000E+0
8.961914E+2	-1.400000E+1
8.962003E+2	2.000000E+0
8.962090E+2	1.000000E+0
8.962179E+2	-5.000000E+0
8.962267E+2	-9.000000E+0
8.962355E+2	3.000000E+0
8.962443E+2	6.000000E+0
8.962531E+2	-4.000000E+0
8.962620E+2	-7.000000E+0
8.962708E+2	2.000000E+0
8.962796E+2	-4.000000E+0
8.962884E+2	4.000000E+0
8.962972E+2	-2.000000E+0
8.963060E+2	2.000000E+0
8.963149E+2	1.000000E+0
8.963237E+2	8.000000E+0
8.963325E+2	-4.000000E+0
8.963413E+2	1.000000E+0
8.963502E+2	3.000000E+0
8.963589E+2	1.100000E+1
8.963678E+2	1.200000E+1
8.963766E+2	0.000000E+0
8.963854E+2	-3.000000E+0
8.963942E+2	2.000000E+0
8.964031E+2	-3.000000E+0
8.964119E+2	6.000000E+0
8.964207E+2	2.000000E+0
8.964295E+2	-7.000000E+0
8.964383E+2	3.000000E+0
8.964471E+2	-5.000000E+0
8.964559E+2	7.000000E+0
8.964648E+2	6.000000E+0
8.964736E+2	7.000000E+0
8.964824E+2	1.200000E+1
8.964912E+2	3.000000E+0
8.965001E+2	-1.000000E+0
8.965089E+2	2.000000E+0
8.965176E+2	6.000000E+0
8.965265E+2	-4.000000E+0
8.965353E+2	8.000000E+0
8.965441E+2	3.000000E+0
8.965529E+2	-2.000000E+0
8.965618E+2	1.000000E+0
8.965706E+2	-1.000000E+0
8.965793E+2	-1.000000E+0
8.965882E+2	-5.000000E+0
8.965970E+2	4.000000E+0
8.966058E+2	-3.000000E+0
8.966146E+2	6.000000E+0
8.966235E+2	4.000000E+0
8.966323E+2	-2.000000E+0
8.966411E+2	6.000000E+0
8.966499E+2	3.000000E+0
8.966587E+2	6.000000E+0
8.966675E+2	2.000000E+0
8.966763E+2	4.000000E+0
8.966852E+2	6.000000E+0
8.966940E+2	-2.000000E+0
8.967028E+2	-4.000000E+0
8.967116E+2	-5.000000E+0
8.967204E+2	-9.000000E+0
8.967292E+2	4.000000E+0
8.967380E+2	-6.000000E+0
8.967468E+2	-1.200000E+1
8.967557E+2	9.000000E+0
8.967645E+2	7.000000E+0
8.967733E+2	-6.000000E+0
8.967821E+2	0.000000E+0
8.967909E+2	-2.000000E+0
8.967997E+2	2.000000E+0
8.968085E+2	5.000000E+0
8.968174E+2	6.000000E+0
8.968262E+2	4.000000E+0
8.968350E+2	-8.000000E+0
8.968438E+2	2.000000E+0
8.968526E+2	-2.000000E+0
8.968614E+2	-1.000000E+0
8.968702E+2	-3.000000E+0
8.968790E+2	-5.000000E+0
8.968879E+2	7.000000E+0
8.968967E+2	-7.000000E+0
8.969055E+2	3.000000E+0
8.969143E+2	1.100000E+1
8.969231E+2	-5.000000E+0
8.969319E+2	7.000000E+0
8.969407E+2	8.000000E+0
8.969495E+2	-1.000000E+0
8.969584E+2	7.000000E+0
8.969672E+2	1.300000E+1
8.969760E+2	-1.000000E+0
8.969848E+2	-3.000000E+0
8.969936E+2	6.000000E+0
8.970024E+2	-6.000000E+0
8.970112E+2	6.000000E+0
8.970200E+2	6.000000E+0
8.970288E+2	3.000000E+0
8.970377E+2	-1.000000E+0
8.970464E+2	6.000000E+0
8.970552E+2	-2.000000E+0
8.970641E+2	-1.000000E+0
8.970729E+2	-1.000000E+0
8.970817E+2	9.000000E+0
8.970905E+2	2.000000E+0
8.970993E+2	-1.000000E+0
8.971081E+2	2.000000E+0
8.971169E+2	1.000000E+1
8.971257E+2	-1.000000E+0
8.971345E+2	3.000000E+0
8.971434E+2	-6.000000E+0
8.971522E+2	-1.000000E+0
8.971609E+2	-4.000000E+0
8.971698E+2	1.000000E+0
8.971786E+2	4.000000E+0
8.971874E+2	-9.000000E+0
8.971962E+2	-1.000000E+0
8.972050E+2	-8.000000E+0
8.972138E+2	-4.000000E+0
8.972227E+2	1.000000E+0
8.972314E+2	9.000000E+0
8.972402E+2	4.000000E+0
8.972491E+2	9.000000E+0
8.972579E+2	0.000000E+0
8.972667E+2	-3.000000E+0
8.972755E+2	2.000000E+0
8.972843E+2	-4.000000E+0
8.972931E+2	4.000000E+0
8.973019E+2	0.000000E+0
8.973107E+2	8.000000E+0
8.973195E+2	-9.000000E+0
8.973283E+2	2.000000E+0
8.973372E+2	-1.000000E+0
8.973459E+2	4.000000E+0
8.973547E+2	4.000000E+0
8.973636E+2	-9.000000E+0
8.973724E+2	0.000000E+0
8.973812E+2	-2.000000E+0
8.973900E+2	-2.000000E+0
8.973988E+2	-3.000000E+0
8.974076E+2	-4.000000E+0
8.974164E+2	1.000000E+0
8.974252E+2	9.000000E+0
8.974340E+2	-1.000000E+0
8.974428E+2	-3.000000E+0
8.974516E+2	-9.000000E+0
8.974604E+2	5.000000E+0
8.974692E+2	-1.000000E+0
8.974780E+2	2.000000E+0
8.974869E+2	-3.000000E+0
8.974957E+2	5.000000E+0
8.975045E+2	4.000000E+0
8.975132E+2	-6.000000E+0
8.975221E+2	-3.000000E+0
8.975309E+2	8.000000E+0
8.975397E+2	1.000000E+1
8.975485E+2	-1.000000E+0
8.975573E+2	7.000000E+0
8.975661E+2	1.100000E+1
8.975749E+2	6.000000E+0
8.975837E+2	1.000000E+0
8.975925E+2	7.000000E+0
8.976013E+2	1.000000E+0
8.976101E+2	5.000000E+0
8.976189E+2	-3.000000E+0
8.976277E+2	5.000000E+0
8.976365E+2	2.000000E+0
8.976453E+2	-1.400000E+1
8.976541E+2	2.000000E+0
8.976630E+2	-2.000000E+0
8.976718E+2	5.000000E+0
8.976805E+2	1.000000E+0
8.976893E+2	8.000000E+0
8.976982E+2	0.000000E+0
8.977070E+2	4.000000E+0
8.977158E+2	1.000000E+1
8.977245E+2	6.000000E+0
8.977333E+2	-2.000000E+0
8.977422E+2	-1.000000E+0
8.977510E+2	8.000000E+0
8.977598E+2	3.000000E+0
8.977686E+2	-7.000000E+0
8.977774E+2	0.000000E+0
8.977862E+2	-1.000000E+0
8.977950E+2	-6.000000E+0
8.978038E+2	-6.000000E+0
8.978126E+2	2.000000E+0
8.978214E+2	-9.000000E+0
8.978302E+2	-5.000000E+0
8.978390E+2	0.000000E+0
8.978478E+2	1.000000E+0
8.978566E+2	-3.000000E+0
8.978654E+2	-2.000000E+0
8.978742E+2	3.000000E+0
8.978830E+2	-4.000000E+0
8.978918E+2	7.000000E+0
8.979006E+2	-1.000000E+0
8.979094E+2	5.000000E+0
8.979182E+2	7.000000E+0
8.979270E+2	0.000000E+0
8.979358E+2	3.000000E+0
8.979446E+2	-9.000000E+0
8.979534E+2	1.000000E+0
8.979622E+2	-1.000000E+0
8.979710E+2	8.000000E+0
8.979798E+2	-4.000000E+0
8.979886E+2	-1.000000E+0
8.979974E+2	7.000000E+0
8.980062E+2	9.000000E+0
8.980150E+2	-1.000000E+0
8.980238E+2	1.100000E+1
8.980326E+2	0.000000E+0
8.980414E+2	7.000000E+0
8.980502E+2	4.000000E+0
8.980590E+2	4.000000E+0
8.980678E+2	-5.000000E+0
8.980766E+2	1.300000E+1
8.980854E+2	-2.000000E+0
8.980942E+2	2.000000E+0
8.981030E+2	3.000000E+0
8.981118E+2	-1.000000E+0
8.981206E+2	5.000000E+0
8.981294E+2	-7.000000E+0
8.981382E+2	-3.000000E+0
8.981470E+2	-1.100000E+1
8.981558E+2	7.000000E+0
8.981646E+2	-4.000000E+0
8.981734E+2	-6.000000E+0
8.981822E+2	-1.000000E+1
8.981910E+2	7.000000E+0
8.981998E+2	-7.000000E+0
8.982086E+2	-3.000000E+0
8.982173E+2	-6.000000E+0
8.982262E+2	-8.000000E+0
8.982350E+2	5.000000E+0
8.982438E+2	-1.000000E+0
8.982526E+2	5.000000E+0
8.982614E+2	7.000000E+0
8.982701E+2	-3.000000E+0
8.982789E+2	2.000000E+0
8.982877E+2	-1.600000E+1
8.982966E+2	7.000000E+0
8.983054E+2	9.000000E+0
8.983141E+2	3.000000E+0
8.983229E+2	-3.000000E+0
8.983317E+2	-1.000000E+0
8.983405E+2	4.000000E+0
8.983493E+2	1.700000E+1
8.983581E+2	3.000000E+0
8.983669E+2	-7.000000E+0
8.983757E+2	2.000000E+0
8.983845E+2	-1.000000E+1
8.983933E+2	-4.000000E+0
8.984021E+2	-3.000000E+0
8.984109E+2	5.000000E+0
8.984197E+2	-4.000000E+0
8.984285E+2	-8.000000E+0
8.984373E+2	-2.000000E+0
8.984460E+2	3.000000E+0
8.984549E+2	-3.000000E+0
8.984637E+2	-7.000000E+0
8.984725E+2	-2.000000E+0
8.984813E+2	-3.000000E+0
8.984901E+2	-2.000000E+0
8.984988E+2	3.000000E+0
8.985076E+2	1.000000E+0
8.985164E+2	-1.200000E+1
8.985252E+2	3.000000E+0
8.985340E+2	1.000000E+0
8.985428E+2	5.000000E+0
8.985516E+2	4.000000E+0
8.985604E+2	-3.000000E+0
8.985692E+2	-1.000000E+0
8.985780E+2	-6.000000E+0
8.985868E+2	-1.000000E+0
8.985956E+2	3.000000E+0
8.986044E+2	4.000000E+0
8.986132E+2	-7.000000E+0
8.986219E+2	1.000000E+0
8.986307E+2	-5.000000E+0
8.986395E+2	-4.000000E+0
8.986483E+2	4.000000E+0
8.986571E+2	0.000000E+0
8.986659E+2	7.000000E+0
8.986747E+2	-4.000000E+0
8.986835E+2	-5.000000E+0
8.986923E+2	6.000000E+0
8.987011E+2	-1.000000E+0
8.987099E+2	7.000000E+0
8.987187E+2	-1.100000E+1
8.987275E+2	0.000000E+0
8.987363E+2	-6.000000E+0
8.987451E+2	5.000000E+0
8.987538E+2	1.300000E+1
8.987626E+2	1.000000E+0
8.987714E+2	-4.000000E+0
8.987802E+2	0.000000E+0
8.987890E+2	0.000000E+0
8.987978E+2	0.000000E+0
8.988066E+2	2.000000E+0
8.988154E+2	2.000000E+0
8.988242E+2	5.000000E+0
8.988329E+2	1.000000E+0
8.988417E+2	2.000000E+0
8.988505E+2	0.000000E+0
8.988593E+2	6.000000E+0
8.988681E+2	3.000000E+0
8.988769E+2	5.000000E+0
8.988857E+2	8.000000E+0
8.988945E+2	0.000000E+0
8.989033E+2	-8.000000E+0
8.989120E+2	-7.000000E+0
8.989208E+2	2.000000E+0
8.989296E+2	6.000000E+0
8.989384E+2	0.000000E+0
8.989472E+2	-1.000000E+0
8.989560E+2	-8.000000E+0
8.989648E+2	5.000000E+0
8.989736E+2	6.000000E+0
8.989824E+2	-4.000000E+0
8.989911E+2	-1.000000E+0
8.989999E+2	7.000000E+0
8.990087E+2	2.000000E+0
8.990175E+2	-7.000000E+0
8.990263E+2	0.000000E+0
8.990351E+2	-1.300000E+1
8.990439E+2	-4.000000E+0
8.990527E+2	3.000000E+0
8.990615E+2	-2.000000E+0
8.990703E+2	1.000000E+0
8.990790E+2	6.000000E+0
8.990878E+2	-8.000000E+0
8.990966E+2	0.000000E+0
8.991054E+2	3.000000E+0
8.991142E+2	7.000000E+0
8.991230E+2	-1.000000E+0
8.991318E+2	7.000000E+0
8.991406E+2	1.100000E+1
8.991494E+2	-3.000000E+0
8.991581E+2	9.000000E+0
8.991669E+2	-1.000000E+0
8.991757E+2	3.000000E+0
8.991845E+2	1.100000E+1
8.991933E+2	-1.000000E+0
8.992021E+2	-9.000000E+0
8.992109E+2	-3.000000E+0
8.992197E+2	1.200000E+1
8.992285E+2	1.000000E+0
8.992372E+2	1.000000E+0
8.992460E+2	-1.000000E+0
8.992548E+2	-1.000000E+0
8.992636E+2	-1.000000E+0
8.992724E+2	-6.000000E+0
8.992812E+2	4.000000E+0
8.992899E+2	5.000000E+0
8.992987E+2	1.000000E+0
8.993075E+2	-2.000000E+0
8.993163E+2	2.000000E+0
8.993251E+2	-9.000000E+0
8.993339E+2	-1.200000E+1
8.993427E+2	6.000000E+0
8.993514E+2	7.000000E+0
8.993602E+2	5.000000E+0
8.993690E+2	0.000000E+0
8.993778E+2	-4.000000E+0
8.993866E+2	-5.000000E+0
8.993954E+2	1.100000E+1
8.994042E+2	1.000000E+1
8.994130E+2	-3.000000E+0
8.994217E+2	7.000000E+0
8.994305E+2	0.000000E+0
8.994393E+2	1.000000E+0
8.994481E+2	4.000000E+0
8.994568E+2	-4.000000E+0
8.994656E+2	-4.000000E+0
8.994744E+2	1.000000E+0
8.994832E+2	-5.000000E+0
8.994920E+2	4.000000E+0
8.995008E+2	4.000000E+0
8.995096E+2	-7.000000E+0
8.995183E+2	9.000000E+0
8.995271E+2	1.000000E+0
8.995359E+2	5.000000E+0
8.995447E+2	4.000000E+0
8.995535E+2	3.000000E+0
8.995623E+2	1.000000E+0
8.995710E+2	-1.100000E+1
8.995798E+2	-8.000000E+0
8.995886E+2	-9.000000E+0
8.995974E+2	-4.000000E+0
8.996061E+2	0.000000E+0
8.996149E+2	-7.000000E+0
8.996237E+2	1.200000E+1
8.996325E+2	6.000000E+0
8.996413E+2	1.000000E+0
8.996501E+2	-8.000000E+0
8.996589E+2	1.000000E+1
8.996677E+2	6.000000E+0
8.996764E+2	1.100000E+1
8.996852E+2	2.000000E+0
8.996940E+2	2.000000E+0
8.997028E+2	0.000000E+0
8.997115E+2	4.000000E+0
8.997203E+2	3.000000E+0
8.997291E+2	9.000000E+0
8.997379E+2	8.000000E+0
8.997466E+2	1.000000E+0
8.997554E+2	-1.000000E+0
8.997642E+2	-1.000000E+0
8.997730E+2	-1.000000E+0
8.997818E+2	2.000000E+0
8.997906E+2	2.000000E+0
8.997994E+2	-3.000000E+0
8.998081E+2	0.000000E+0
8.998169E+2	-1.000000E+0
8.998257E+2	-4.000000E+0
8.998345E+2	5.000000E+0
8.998433E+2	7.000000E+0
8.998521E+2	2.000000E+0
8.998608E+2	-2.000000E+0
8.998696E+2	0.000000E+0
8.998784E+2	5.000000E+0
8.998871E+2	-4.000000E+0
8.998959E+2	1.000000E+0
8.999047E+2	1.000000E+0
8.999135E+2	4.000000E+0
8.999222E+2	-9.000000E+0
8.999310E+2	4.000000E+0
8.999398E+2	-5.000000E+0
8.999486E+2	4.000000E+0
8.999574E+2	0.000000E+0
8.999661E+2	9.000000E+0
8.999749E+2	2.000000E+0
8.999837E+2	1.000000E+0
8.999925E+2	2.000000E+0
9.000013E+2	2.000000E+0
9.000101E+2	8.000000E+0
9.000188E+2	1.400000E+1
9.000276E+2	-1.000000E+0
9.000364E+2	1.000000E+0
9.000452E+2	5.000000E+0
9.000540E+2	6.000000E+0
9.000627E+2	8.000000E+0
9.000715E+2	0.000000E+0
9.000803E+2	8.000000E+0
9.000891E+2	1.100000E+1
9.000978E+2	1.500000E+1
9.001066E+2	1.100000E+1
9.001154E+2	1.200000E+1
9.001241E+2	1.300000E+1
9.001329E+2	4.000000E+0
9.001417E+2	1.300000E+1
9.001505E+2	7.000000E+0
9.001592E+2	1.500000E+1
9.001680E+2	5.000000E+0
9.001768E+2	1.300000E+1
9.001855E+2	1.200000E+1
9.001943E+2	0.000000E+0
9.002031E+2	3.000000E+0
9.002119E+2	-4.000000E+0
9.002207E+2	9.000000E+0
9.002294E+2	5.000000E+0
9.002382E+2	1.000000E+0
9.002470E+2	-5.000000E+0
9.002558E+2	-5.000000E+0
9.002645E+2	1.300000E+1
9.002733E+2	1.000000E+0
9.002821E+2	-7.000000E+0
9.002909E+2	-3.000000E+0
9.002997E+2	-3.000000E+0
9.003084E+2	-3.000000E+0
9.003172E+2	2.000000E+0
9.003260E+2	4.000000E+0
9.003348E+2	-5.000000E+0
9.003435E+2	7.000000E+0
9.003523E+2	2.000000E+0
9.003611E+2	2.000000E+0
9.003699E+2	7.000000E+0
9.003786E+2	-3.000000E+0
9.003874E+2	5.000000E+0
9.003962E+2	3.000000E+0
9.004050E+2	9.000000E+0
9.004137E+2	2.000000E+0
9.004225E+2	-6.000000E+0
9.004313E+2	0.000000E+0
9.004400E+2	0.000000E+0
9.004488E+2	-1.000000E+1
9.004576E+2	3.000000E+0
9.004664E+2	-1.000000E+0
9.004751E+2	5.000000E+0
9.004839E+2	2.000000E+0
9.004927E+2	-1.000000E+0
9.005015E+2	-5.000000E+0
9.005102E+2	4.000000E+0
9.005190E+2	-4.000000E+0
9.005278E+2	1.100000E+1
9.005365E+2	0.000000E+0
9.005453E+2	-1.000000E+0
9.005541E+2	-4.000000E+0
9.005629E+2	1.600000E+1
9.005716E+2	4.000000E+0
9.005804E+2	-5.000000E+0
9.005892E+2	0.000000E+0
9.005979E+2	-1.000000E+0
9.006067E+2	-1.000000E+0
9.006155E+2	0.000000E+0
9.006243E+2	-4.000000E+0
9.006330E+2	-5.000000E+0
9.006418E+2	5.000000E+0
9.006506E+2	-6.000000E+0
9.006593E+2	-3.000000E+0
9.006681E+2	-2.000000E+0
9.006769E+2	4.000000E+0
9.006856E+2	-1.000000E+1
9.006944E+2	-7.000000E+0
9.007032E+2	0.000000E+0
9.007120E+2	-1.000000E+0
9.007207E+2	2.000000E+0
9.007295E+2	-5.000000E+0
9.007383E+2	6.000000E+0
9.007470E+2	-3.000000E+0
9.007558E+2	1.100000E+1
9.007646E+2	3.000000E+0
9.007733E+2	1.400000E+1
9.007821E+2	6.000000E+0
9.007909E+2	1.300000E+1
9.007996E+2	9.000000E+0
9.008084E+2	2.000000E+1
9.008172E+2	8.000000E+0
9.008259E+2	9.000000E+0
9.008347E+2	7.000000E+0
9.008435E+2	1.100000E+1
9.008522E+2	1.200000E+1
9.008610E+2	1.300000E+1
9.008698E+2	7.000000E+0
9.008785E+2	4.000000E+0
9.008873E+2	1.100000E+1
9.008961E+2	1.700000E+1
9.009048E+2	4.000000E+0
9.009136E+2	1.300000E+1
9.009224E+2	-1.000000E+0
9.009312E+2	8.000000E+0
9.009399E+2	-1.000000E+0
9.009487E+2	9.000000E+0
9.009575E+2	-6.000000E+0
9.009662E+2	-2.000000E+0
9.009750E+2	1.100000E+1
9.009838E+2	-9.000000E+0
9.009926E+2	-3.000000E+0
9.010013E+2	3.000000E+0
9.010101E+2	3.000000E+0
9.010189E+2	-2.000000E+0
9.010276E+2	-1.000000E+0
9.010364E+2	4.000000E+0
9.010451E+2	1.000000E+0
9.010539E+2	4.000000E+0
9.010627E+2	3.000000E+0
9.010714E+2	3.000000E+0
9.010802E+2	-2.000000E+0
9.010890E+2	-3.000000E+0
9.010977E+2	-1.000000E+0
9.011065E+2	7.000000E+0
9.011152E+2	1.000000E+0
9.011240E+2	-2.000000E+0
9.011328E+2	-3.000000E+0
9.011415E+2	1.000000E+0
9.011503E+2	2.000000E+0
9.011591E+2	1.500000E+1
9.011678E+2	-1.000000E+0
9.011766E+2	-4.000000E+0
9.011854E+2	-6.000000E+0
9.011942E+2	0.000000E+0
9.012029E+2	-5.000000E+0
9.012117E+2	-3.000000E+0
9.012205E+2	1.200000E+1
9.012292E+2	-3.000000E+0
9.012380E+2	-4.000000E+0
9.012467E+2	-4.000000E+0
9.012555E+2	3.000000E+0
9.012643E+2	5.000000E+0
9.012730E+2	-2.000000E+0
9.012818E+2	-3.000000E+0
9.012905E+2	7.000000E+0
9.012993E+2	9.000000E+0
9.013080E+2	-6.000000E+0
9.013168E+2	-5.000000E+0
9.013256E+2	-7.000000E+0
9.013344E+2	1.400000E+1
9.013431E+2	5.000000E+0
9.013519E+2	3.000000E+0
9.013607E+2	0.000000E+0
9.013694E+2	-1.000000E+0
9.013782E+2	-8.000000E+0
9.013870E+2	-2.000000E+0
9.013957E+2	-2.000000E+0
9.014045E+2	-6.000000E+0
9.014132E+2	-8.000000E+0
9.014220E+2	-8.000000E+0
9.014307E+2	-7.000000E+0
9.014395E+2	1.000000E+0
9.014482E+2	5.000000E+0
9.014570E+2	2.000000E+0
9.014658E+2	1.000000E+0
9.014745E+2	8.000000E+0
9.014833E+2	9.000000E+0
9.014921E+2	-2.000000E+0
9.015009E+2	5.000000E+0
9.015096E+2	-4.000000E+0
9.015184E+2	1.000000E+0
9.015271E+2	2.000000E+0
9.015359E+2	5.000000E+0
9.015446E+2	-4.000000E+0
9.015534E+2	3.000000E+0
9.015621E+2	7.000000E+0
9.015709E+2	-7.000000E+0
9.015797E+2	5.000000E+0
9.015884E+2	5.000000E+0
9.015972E+2	-2.000000E+0
9.016060E+2	8.000000E+0
9.016147E+2	1.200000E+1
9.016235E+2	-4.000000E+0
9.016323E+2	-9.000000E+0
9.016410E+2	2.000000E+0
9.016498E+2	3.000000E+0
9.016585E+2	-3.000000E+0
9.016673E+2	9.000000E+0
9.016760E+2	4.000000E+0
9.016848E+2	3.000000E+0
9.016935E+2	4.000000E+0
9.017023E+2	-3.000000E+0
9.017111E+2	1.300000E+1
9.017198E+2	4.000000E+0
9.017286E+2	-5.000000E+0
9.017374E+2	7.000000E+0
9.017461E+2	2.000000E+0
9.017549E+2	-5.000000E+0
9.017636E+2	-9.000000E+0
9.017724E+2	5.000000E+0
9.017811E+2	-9.000000E+0
9.017899E+2	-1.000000E+0
9.017986E+2	1.000000E+0
9.018074E+2	-1.700000E+1
9.018162E+2	-2.000000E+0
9.018250E+2	5.000000E+0
9.018337E+2	-9.000000E+0
9.018425E+2	-3.000000E+0
9.018512E+2	-1.000000E+0
9.018600E+2	-1.000000E+0
9.018687E+2	-6.000000E+0
9.018775E+2	3.000000E+0
9.018862E+2	-5.000000E+0
9.018950E+2	3.000000E+0
9.019037E+2	-1.100000E+1
9.019125E+2	4.000000E+0
9.019213E+2	-2.000000E+0
9.019300E+2	1.200000E+1
9.019388E+2	5.000000E+0
9.019475E+2	-1.100000E+1
9.019563E+2	1.000000E+0
9.019650E+2	-5.000000E+0
9.019738E+2	-1.000000E+0
9.019825E+2	-6.000000E+0
9.019913E+2	-6.000000E+0
9.020001E+2	1.000000E+0
9.020088E+2	-1.000000E+0
9.020176E+2	0.000000E+0
9.020263E+2	0.000000E+0
9.020351E+2	-1.000000E+0
9.020438E+2	-6.000000E+0
9.020526E+2	1.400000E+1
9.020613E+2	-2.000000E+0
9.020701E+2	5.000000E+0
9.020789E+2	-2.000000E+0
9.020876E+2	0.000000E+0
9.020964E+2	-3.000000E+0
9.021051E+2	-3.000000E+0
9.021139E+2	-4.000000E+0
9.021226E+2	2.000000E+0
9.021314E+2	3.000000E+0
9.021401E+2	0.000000E+0
9.021489E+2	5.000000E+0
9.021577E+2	-1.100000E+1
9.021664E+2	-5.000000E+0
9.021752E+2	-9.000000E+0
9.021839E+2	-4.000000E+0
9.021926E+2	3.000000E+0
9.022014E+2	1.000000E+0
9.022101E+2	1.000000E+0
9.022189E+2	2.000000E+0
9.022277E+2	-6.000000E+0
9.022365E+2	-5.000000E+0
9.022452E+2	0.000000E+0
9.022539E+2	5.000000E+0
9.022627E+2	-7.000000E+0
9.022714E+2	8.000000E+0
9.022802E+2	5.000000E+0
9.022889E+2	5.000000E+0
9.022977E+2	5.000000E+0
9.023065E+2	5.000000E+0
9.023152E+2	-2.000000E+0
9.023239E+2	-4.000000E+0
9.023327E+2	-1.000000E+0
9.023414E+2	1.000000E+0
9.023502E+2	0.000000E+0
9.023589E+2	-2.000000E+0
9.023677E+2	-3.000000E+0
9.023765E+2	7.000000E+0
9.023852E+2	1.000000E+0
9.023940E+2	2.000000E+0
9.024027E+2	-6.000000E+0
9.024114E+2	0.000000E+0
9.024202E+2	-6.000000E+0
9.024290E+2	4.000000E+0
9.024377E+2	1.200000E+1
9.024465E+2	-5.000000E+0
9.024552E+2	-4.000000E+0
9.024640E+2	-4.000000E+0
9.024727E+2	-7.000000E+0
9.024814E+2	3.000000E+0
9.024902E+2	-1.000000E+0
9.024990E+2	-2.000000E+0
9.025077E+2	-8.000000E+0
9.025165E+2	-5.000000E+0
9.025252E+2	-7.000000E+0
9.025339E+2	-5.000000E+0
9.025427E+2	3.000000E+0
9.025515E+2	5.000000E+0
9.025602E+2	-1.500000E+1
9.025690E+2	-1.000000E+0
9.025777E+2	-7.000000E+0
9.025864E+2	-6.000000E+0
9.025952E+2	5.000000E+0
9.026039E+2	-1.000000E+0
9.026127E+2	-7.000000E+0
9.026215E+2	-2.000000E+0
9.026302E+2	1.000000E+0
9.026389E+2	-1.000000E+1
9.026477E+2	-3.000000E+0
9.026564E+2	-4.000000E+0
9.026652E+2	-1.100000E+1
9.026740E+2	-1.100000E+1
9.026827E+2	-2.000000E+0
9.026914E+2	1.000000E+0
9.027002E+2	-1.000000E+0
9.027089E+2	7.000000E+0
9.027177E+2	-5.000000E+0
9.027264E+2	-1.300000E+1
9.027352E+2	9.000000E+0
9.027439E+2	-1.000000E+0
9.027527E+2	-6.000000E+0
9.027614E+2	1.500000E+1
9.027701E+2	8.000000E+0
9.027789E+2	4.000000E+0
9.027877E+2	2.000000E+0
9.027964E+2	5.000000E+0
9.028051E+2	-2.000000E+0
9.028139E+2	-5.000000E+0
9.028226E+2	4.000000E+0
9.028314E+2	-3.000000E+0
9.028401E+2	5.000000E+0
9.028489E+2	-7.000000E+0
9.028576E+2	-3.000000E+0
9.028664E+2	-7.000000E+0
9.028751E+2	2.000000E+0
9.028839E+2	1.000000E+0
9.028926E+2	3.000000E+0
9.029014E+2	-1.000000E+0
9.029101E+2	-3.000000E+0
9.029188E+2	-3.000000E+0
9.029276E+2	2.000000E+0
9.029363E+2	-1.000000E+0
9.029451E+2	7.000000E+0
9.029538E+2	4.000000E+0
9.029626E+2	1.000000E+0
9.029713E+2	0.000000E+0
9.029800E+2	-3.000000E+0
9.029888E+2	4.000000E+0
9.029976E+2	3.000000E+0
9.030063E+2	-3.000000E+0
9.030150E+2	2.000000E+0
9.030237E+2	-2.000000E+0
9.030325E+2	1.000000E+0
9.030413E+2	-2.000000E+0
9.030500E+2	-8.000000E+0
9.030587E+2	-2.000000E+0
9.030675E+2	-7.000000E+0
9.030762E+2	6.000000E+0
9.030850E+2	-6.000000E+0
9.030937E+2	1.000000E+0
9.031025E+2	-5.000000E+0
9.031112E+2	5.000000E+0
9.031199E+2	-1.000000E+1
9.031287E+2	2.000000E+0
9.031375E+2	-8.000000E+0
9.031462E+2	-3.000000E+0
9.031549E+2	1.000000E+0
9.031636E+2	5.000000E+0
9.031724E+2	3.000000E+0
9.031812E+2	0.000000E+0
9.031899E+2	3.000000E+0
9.031986E+2	1.000000E+0
9.032074E+2	-1.000000E+0
9.032161E+2	2.000000E+0
9.032249E+2	-8.000000E+0
9.032336E+2	-3.000000E+0
9.032423E+2	-2.000000E+0
9.032511E+2	2.000000E+0
9.032598E+2	1.000000E+0
9.032686E+2	1.000000E+1
9.032773E+2	9.000000E+0
9.032861E+2	0.000000E+0
9.032948E+2	1.000000E+0
9.033035E+2	-3.000000E+0
9.033123E+2	-5.000000E+0
9.033210E+2	0.000000E+0
9.033298E+2	-8.000000E+0
9.033385E+2	-4.000000E+0
9.033472E+2	1.000000E+0
9.033560E+2	-7.000000E+0
9.033647E+2	2.000000E+0
9.033735E+2	7.000000E+0
9.033822E+2	8.000000E+0
9.033909E+2	-4.000000E+0
9.033997E+2	1.000000E+1
9.034084E+2	-7.000000E+0
9.034172E+2	-3.000000E+0
9.034259E+2	0.000000E+0
9.034346E+2	-8.000000E+0
9.034434E+2	-6.000000E+0
9.034521E+2	1.000000E+0
9.034608E+2	2.000000E+0
9.034696E+2	1.000000E+0
9.034783E+2	1.000000E+0
9.034871E+2	2.000000E+0
9.034958E+2	-1.000000E+0
9.035045E+2	-7.000000E+0
9.035132E+2	5.000000E+0
9.035220E+2	-6.000000E+0
9.035308E+2	2.000000E+0
9.035395E+2	-6.000000E+0
9.035482E+2	-1.000000E+1
9.035569E+2	2.000000E+0
9.035657E+2	-1.100000E+1
9.035745E+2	-5.000000E+0
9.035832E+2	4.000000E+0
9.035919E+2	-6.000000E+0
9.036006E+2	3.000000E+0
9.036094E+2	4.000000E+0
9.036181E+2	-1.100000E+1
9.036269E+2	-6.000000E+0
9.036356E+2	-9.000000E+0
9.036443E+2	1.000000E+0
9.036531E+2	-4.000000E+0
9.036618E+2	-7.000000E+0
9.036705E+2	0.000000E+0
9.036793E+2	-1.300000E+1
9.036880E+2	6.000000E+0
9.036968E+2	-8.000000E+0
9.037055E+2	0.000000E+0
9.037142E+2	-3.000000E+0
9.037230E+2	1.000000E+0
9.037317E+2	2.000000E+0
9.037404E+2	-3.000000E+0
9.037491E+2	-7.000000E+0
9.037579E+2	-5.000000E+0
9.037667E+2	-6.000000E+0
9.037754E+2	1.000000E+0
9.037841E+2	-3.000000E+0
9.037928E+2	0.000000E+0
9.038016E+2	3.000000E+0
9.038103E+2	-2.000000E+0
9.038190E+2	-5.000000E+0
9.038278E+2	-1.000000E+0
9.038365E+2	-4.000000E+0
9.038453E+2	9.000000E+0
9.038540E+2	0.000000E+0
9.038627E+2	0.000000E+0
9.038715E+2	7.000000E+0
9.038802E+2	3.000000E+0
9.038889E+2	3.000000E+0
9.038976E+2	-2.000000E+0
9.039064E+2	3.000000E+0
9.039152E+2	8.000000E+0
9.039239E+2	3.000000E+0
9.039326E+2	3.000000E+0
9.039413E+2	-7.000000E+0
9.039501E+2	-1.100000E+1
9.039588E+2	-2.000000E+0
9.039675E+2	-7.000000E+0
9.039763E+2	3.000000E+0
9.039850E+2	9.000000E+0
9.039937E+2	2.000000E+0
