8.849282E+2	-1.000000E+0
8.849371E+2	1.200000E+1
8.849460E+2	-3.000000E+0
8.849550E+2	-3.000000E+0
8.849639E+2	3.000000E+0
8.849728E+2	-3.000000E+0
8.849818E+2	-3.000000E+0
8.849907E+2	8.000000E+0
8.849996E+2	7.000000E+0
8.850085E+2	1.000000E+0
8.850175E+2	6.000000E+0
8.850264E+2	1.000000E+1
8.850353E+2	-4.000000E+0
8.850443E+2	6.000000E+0
8.850532E+2	1.000000E+0
8.850621E+2	-5.000000E+0
8.850710E+2	1.300000E+1
8.850800E+2	-5.000000E+0
8.850889E+2	-1.000000E+0
8.850978E+2	6.000000E+0
8.851068E+2	1.000000E+0
8.851157E+2	-1.000000E+0
8.851246E+2	-1.000000E+0
8.851335E+2	-3.000000E+0
8.851425E+2	4.000000E+0
8.851514E+2	-1.000000E+0
8.851603E+2	-5.000000E+0
8.851693E+2	1.000000E+0
8.851782E+2	2.000000E+0
8.851871E+2	6.000000E+0
8.851960E+2	-3.000000E+0
8.852050E+2	-4.000000E+0
8.852139E+2	-1.000000E+0
8.852228E+2	4.000000E+0
8.852318E+2	1.800000E+1
8.852407E+2	-1.000000E+0
8.852496E+2	2.000000E+0
8.852585E+2	1.000000E+0
8.852675E+2	-5.000000E+0
8.852764E+2	8.000000E+0
8.852853E+2	-4.000000E+0
8.852943E+2	-8.000000E+0
8.853032E+2	1.200000E+1
8.853121E+2	1.000000E+0
8.853210E+2	-5.000000E+0
8.853300E+2	3.000000E+0
8.853389E+2	-1.000000E+0
8.853478E+2	3.000000E+0
8.853568E+2	8.000000E+0
8.853657E+2	-7.000000E+0
8.853746E+2	2.000000E+0
8.853835E+2	-6.000000E+0
8.853925E+2	-4.000000E+0
8.854014E+2	4.000000E+0
8.854103E+2	-2.000000E+0
8.854193E+2	6.000000E+0
8.854282E+2	3.000000E+0
8.854371E+2	0.000000E+0
8.854460E+2	-1.000000E+0
8.854550E+2	7.000000E+0
8.854639E+2	-1.000000E+0
8.854728E+2	8.000000E+0
8.854818E+2	3.000000E+0
8.854907E+2	-1.000000E+1
8.854996E+2	0.000000E+0
8.855085E+2	-4.000000E+0
8.855175E+2	6.000000E+0
8.855264E+2	3.000000E+0
8.855353E+2	0.000000E+0
8.855442E+2	0.000000E+0
8.855531E+2	8.000000E+0
8.855621E+2	-2.000000E+0
8.855710E+2	1.100000E+1
8.855799E+2	-1.000000E+0
8.855888E+2	-5.000000E+0
8.855978E+2	0.000000E+0
8.856067E+2	-2.000000E+0
8.856156E+2	-3.000000E+0
8.856245E+2	1.000000E+0
8.856334E+2	8.000000E+0
8.856424E+2	2.000000E+0
8.856513E+2	-2.000000E+0
8.856602E+2	1.000000E+0
8.856691E+2	-4.000000E+0
8.856781E+2	1.300000E+1
8.856870E+2	-1.000000E+0
8.856959E+2	7.000000E+0
8.857048E+2	0.000000E+0
8.857137E+2	1.300000E+1
8.857227E+2	1.000000E+1
8.857316E+2	1.300000E+1
8.857405E+2	1.800000E+1
8.857495E+2	1.400000E+1
8.857584E+2	1.000000E+1
8.857673E+2	1.400000E+1
8.857762E+2	1.000000E+0
8.857852E+2	9.000000E+0
8.857941E+2	6.000000E+0
8.858030E+2	-7.000000E+0
8.858120E+2	7.000000E+0
8.858209E+2	-4.000000E+0
8.858298E+2	-5.000000E+0
8.858387E+2	-3.000000E+0
8.858476E+2	-1.000000E+0
8.858565E+2	5.000000E+0
8.858655E+2	1.000000E+0
8.858744E+2	-4.000000E+0
8.858833E+2	-1.000000E+1
8.858922E+2	9.000000E+0
8.859011E+2	-2.000000E+0
8.859100E+2	1.000000E+0
8.859190E+2	1.000000E+0
8.859279E+2	-2.000000E+0
8.859368E+2	8.000000E+0
8.859457E+2	-3.000000E+0
8.859547E+2	-1.000000E+0
8.859636E+2	5.000000E+0
8.859725E+2	-1.000000E+1
8.859814E+2	7.000000E+0
8.859904E+2	0.000000E+0
8.859993E+2	8.000000E+0
8.860082E+2	-4.000000E+0
8.860171E+2	-1.000000E+0
8.860261E+2	-2.000000E+0
8.860350E+2	6.000000E+0
8.860439E+2	-4.000000E+0
8.860528E+2	-4.000000E+0
8.860617E+2	-1.100000E+1
8.860706E+2	-3.000000E+0
8.860795E+2	5.000000E+0
8.860885E+2	0.000000E+0
8.860974E+2	0.000000E+0
8.861063E+2	-2.000000E+0
8.861152E+2	-8.000000E+0
8.861241E+2	0.000000E+0
8.861331E+2	5.000000E+0
8.861420E+2	-8.000000E+0
8.861509E+2	0.000000E+0
8.861599E+2	6.000000E+0
8.861688E+2	-1.200000E+1
8.861777E+2	0.000000E+0
8.861866E+2	0.000000E+0
8.861955E+2	-2.000000E+0
8.862044E+2	1.400000E+1
8.862133E+2	-2.000000E+0
8.862223E+2	4.000000E+0
8.862312E+2	1.000000E+0
8.862401E+2	-8.000000E+0
8.862490E+2	1.000000E+0
8.862579E+2	-7.000000E+0
8.862668E+2	-3.000000E+0
8.862758E+2	-1.000000E+0
8.862847E+2	-3.000000E+0
8.862936E+2	-3.000000E+0
8.863026E+2	-9.000000E+0
8.863115E+2	-9.000000E+0
8.863204E+2	7.000000E+0
8.863293E+2	6.000000E+0
8.863382E+2	-2.000000E+0
8.863471E+2	-1.100000E+1
8.863560E+2	1.000000E+0
8.863649E+2	-1.400000E+1
8.863738E+2	-4.000000E+0
8.863828E+2	7.000000E+0
8.863917E+2	3.000000E+0
8.864006E+2	1.000000E+0
8.864095E+2	-7.000000E+0
8.864185E+2	3.000000E+0
8.864274E+2	2.000000E+0
8.864363E+2	-2.000000E+0
8.864452E+2	-3.000000E+0
8.864541E+2	-8.000000E+0
8.864630E+2	-6.000000E+0
8.864719E+2	3.000000E+0
8.864808E+2	6.000000E+0
8.864898E+2	1.000000E+0
8.864987E+2	8.000000E+0
8.865076E+2	3.000000E+0
8.865165E+2	-4.000000E+0
8.865255E+2	-9.000000E+0
8.865344E+2	3.000000E+0
8.865433E+2	8.000000E+0
8.865522E+2	2.000000E+0
8.865611E+2	-2.000000E+0
8.865700E+2	-3.000000E+0
8.865789E+2	-9.000000E+0
8.865878E+2	-6.000000E+0
8.865967E+2	1.000000E+0
8.866057E+2	1.100000E+1
8.866146E+2	-1.000000E+0
8.866235E+2	-5.000000E+0
8.866324E+2	-7.000000E+0
8.866414E+2	5.000000E+0
8.866503E+2	-4.000000E+0
8.866592E+2	-6.000000E+0
8.866681E+2	-6.000000E+0
8.866770E+2	-9.000000E+0
8.866859E+2	4.000000E+0
8.866948E+2	-1.000000E+0
8.867037E+2	4.000000E+0
8.867126E+2	-9.000000E+0
8.867216E+2	2.000000E+0
8.867305E+2	-1.000000E+0
8.867394E+2	-6.000000E+0
8.867483E+2	-1.000000E+0
8.867572E+2	-3.000000E+0
8.867661E+2	-4.000000E+0
8.867750E+2	-9.000000E+0
8.867839E+2	2.000000E+0
8.867928E+2	0.000000E+0
8.868018E+2	2.000000E+0
8.868107E+2	0.000000E+0
8.868196E+2	6.000000E+0
8.868285E+2	-7.000000E+0
8.868374E+2	5.000000E+0
8.868463E+2	-7.000000E+0
8.868552E+2	-6.000000E+0
8.868641E+2	3.000000E+0
8.868730E+2	1.000000E+0
8.868820E+2	-1.000000E+0
8.868909E+2	-1.100000E+1
8.868998E+2	-1.100000E+1
8.869087E+2	-1.000000E+0
8.869176E+2	5.000000E+0
8.869265E+2	-1.000000E+0
8.869354E+2	-9.000000E+0
8.869443E+2	-3.000000E+0
8.869532E+2	-3.000000E+0
8.869622E+2	-4.000000E+0
8.869711E+2	4.000000E+0
8.869800E+2	6.000000E+0
8.869889E+2	-8.000000E+0
8.869978E+2	-8.000000E+0
8.870067E+2	1.000000E+0
8.870156E+2	-2.000000E+0
8.870245E+2	-1.000000E+0
8.870334E+2	-5.000000E+0
8.870424E+2	5.000000E+0
8.870513E+2	-4.000000E+0
8.870602E+2	-1.000000E+1
8.870691E+2	-2.000000E+0
8.870780E+2	-5.000000E+0
8.870869E+2	0.000000E+0
8.870958E+2	-5.000000E+0
8.871047E+2	2.000000E+0
8.871136E+2	1.000000E+0
8.871226E+2	-9.000000E+0
8.871315E+2	-4.000000E+0
8.871404E+2	2.000000E+0
8.871493E+2	0.000000E+0
8.871582E+2	6.000000E+0
8.871671E+2	4.000000E+0
8.871760E+2	-4.000000E+0
8.871849E+2	-5.000000E+0
8.871938E+2	1.000000E+0
8.872028E+2	3.000000E+0
8.872117E+2	-3.000000E+0
8.872206E+2	-5.000000E+0
8.872295E+2	-3.000000E+0
8.872384E+2	-8.000000E+0
8.872473E+2	-1.600000E+1
8.872562E+2	-5.000000E+0
8.872651E+2	-9.000000E+0
8.872740E+2	-6.000000E+0
8.872829E+2	1.000000E+0
8.872918E+2	1.000000E+0
8.873007E+2	-2.000000E+0
8.873096E+2	4.000000E+0
8.873185E+2	8.000000E+0
8.873275E+2	-2.000000E+0
8.873364E+2	-7.000000E+0
8.873453E+2	-7.000000E+0
8.873542E+2	3.000000E+0
8.873631E+2	-1.100000E+1
8.873720E+2	-8.000000E+0
8.873809E+2	3.000000E+0
8.873898E+2	-2.000000E+0
8.873987E+2	4.000000E+0
8.874076E+2	5.000000E+0
8.874165E+2	-2.000000E+0
8.874254E+2	-1.000000E+1
8.874343E+2	-6.000000E+0
8.874432E+2	-1.500000E+1
8.874521E+2	1.000000E+0
8.874611E+2	-1.000000E+0
8.874700E+2	4.000000E+0
8.874789E+2	-9.000000E+0
8.874878E+2	-2.000000E+0
8.874967E+2	-2.000000E+0
8.875056E+2	-3.000000E+0
8.875145E+2	-2.000000E+0
8.875234E+2	2.000000E+0
8.875323E+2	-3.000000E+0
8.875412E+2	2.000000E+0
8.875501E+2	-5.000000E+0
8.875590E+2	1.000000E+0
8.875679E+2	2.000000E+0
8.875768E+2	-5.000000E+0
8.875858E+2	-3.000000E+0
8.875946E+2	-8.000000E+0
8.876035E+2	3.000000E+0
8.876124E+2	-2.000000E+0
8.876213E+2	-8.000000E+0
8.876302E+2	5.000000E+0
8.876392E+2	0.000000E+0
8.876481E+2	-5.000000E+0
8.876570E+2	7.000000E+0
8.876658E+2	-4.000000E+0
8.876747E+2	6.000000E+0
8.876837E+2	-1.200000E+1
8.876926E+2	-7.000000E+0
8.877015E+2	-1.000000E+0
8.877104E+2	-1.000000E+0
8.877193E+2	-3.000000E+0
8.877282E+2	4.000000E+0
8.877371E+2	0.000000E+0
8.877460E+2	9.000000E+0
8.877549E+2	-1.000000E+0
8.877638E+2	-7.000000E+0
8.877727E+2	-2.000000E+0
8.877816E+2	-3.000000E+0
8.877905E+2	1.000000E+0
8.877994E+2	0.000000E+0
8.878083E+2	3.000000E+0
8.878172E+2	-7.000000E+0
8.878261E+2	3.000000E+0
8.878350E+2	-1.000000E+1
8.878439E+2	-1.200000E+1
8.878528E+2	2.000000E+0
8.878617E+2	-3.000000E+0
8.878706E+2	-1.300000E+1
8.878795E+2	1.000000E+0
8.878884E+2	-2.000000E+0
8.878973E+2	-4.000000E+0
8.879062E+2	-2.000000E+0
8.879152E+2	5.000000E+0
8.879240E+2	0.000000E+0
8.879329E+2	0.000000E+0
8.879418E+2	-5.000000E+0
8.879507E+2	-1.000000E+0
8.879597E+2	9.000000E+0
8.879686E+2	6.000000E+0
8.879774E+2	-6.000000E+0
8.879863E+2	4.000000E+0
8.879952E+2	6.000000E+0
8.880042E+2	2.000000E+0
8.880131E+2	-5.000000E+0
8.880219E+2	-1.000000E+0
8.880308E+2	1.000000E+0
8.880397E+2	-1.000000E+0
8.880486E+2	-4.000000E+0
8.880576E+2	0.000000E+0
8.880665E+2	-3.000000E+0
8.880753E+2	5.000000E+0
8.880842E+2	-3.000000E+0
8.880931E+2	1.000000E+0
8.881021E+2	1.000000E+0
8.881110E+2	-1.000000E+0
8.881198E+2	-9.000000E+0
8.881287E+2	7.000000E+0
8.881376E+2	-7.000000E+0
8.881465E+2	-3.000000E+0
8.881555E+2	3.000000E+0
8.881643E+2	8.000000E+0
8.881732E+2	6.000000E+0
8.881821E+2	-2.000000E+0
8.881910E+2	-7.000000E+0
8.882000E+2	3.000000E+0
8.882088E+2	4.000000E+0
8.882177E+2	3.000000E+0
8.882266E+2	3.000000E+0
8.882355E+2	-2.000000E+0
8.882444E+2	2.000000E+0
8.882533E+2	6.000000E+0
8.882622E+2	-6.000000E+0
8.882711E+2	-1.000000E+0
8.882800E+2	2.000000E+0
8.882889E+2	1.000000E+0
8.882978E+2	0.000000E+0
8.883067E+2	1.000000E+0
8.883156E+2	5.000000E+0
8.883245E+2	-7.000000E+0
8.883334E+2	2.000000E+0
8.883423E+2	1.000000E+0
8.883512E+2	-2.000000E+0
8.883601E+2	0.000000E+0
8.883690E+2	1.100000E+1
8.883779E+2	1.000000E+1
8.883868E+2	-6.000000E+0
8.883957E+2	1.000000E+0
8.884045E+2	-5.000000E+0
8.884135E+2	1.000000E+0
8.884224E+2	9.000000E+0
8.884313E+2	-8.000000E+0
8.884401E+2	3.000000E+0
8.884490E+2	2.000000E+0
8.884579E+2	6.000000E+0
8.884669E+2	-1.200000E+1
8.884757E+2	6.000000E+0
8.884846E+2	2.000000E+0
8.884935E+2	5.000000E+0
8.885024E+2	-2.000000E+0
8.885113E+2	0.000000E+0
8.885202E+2	7.000000E+0
8.885291E+2	0.000000E+0
8.885380E+2	2.000000E+0
8.885469E+2	3.000000E+0
8.885558E+2	1.000000E+0
8.885647E+2	-5.000000E+0
8.885735E+2	-3.000000E+0
8.885825E+2	7.000000E+0
8.885914E+2	-7.000000E+0
8.886003E+2	-7.000000E+0
8.886091E+2	3.000000E+0
8.886180E+2	0.000000E+0
8.886270E+2	-6.000000E+0
8.886358E+2	3.000000E+0
8.886447E+2	6.000000E+0
8.886536E+2	-4.000000E+0
8.886625E+2	4.000000E+0
8.886714E+2	-2.000000E+0
8.886803E+2	-3.000000E+0
8.886892E+2	-1.000000E+0
8.886981E+2	-6.000000E+0
8.887070E+2	-6.000000E+0
8.887159E+2	3.000000E+0
8.887247E+2	5.000000E+0
8.887336E+2	1.000000E+0
8.887426E+2	-3.000000E+0
8.887515E+2	-5.000000E+0
8.887603E+2	8.000000E+0
8.887692E+2	1.100000E+1
8.887781E+2	2.000000E+0
8.887870E+2	2.000000E+0
8.887959E+2	-4.000000E+0
8.888048E+2	-7.000000E+0
8.888137E+2	-4.000000E+0
8.888226E+2	-4.000000E+0
8.888315E+2	2.000000E+0
8.888403E+2	7.000000E+0
8.888492E+2	-1.000000E+0
8.888582E+2	-3.000000E+0
8.888671E+2	4.000000E+0
8.888759E+2	0.000000E+0
8.888848E+2	1.000000E+0
8.888937E+2	0.000000E+0
8.889026E+2	-4.000000E+0
8.889115E+2	-1.000000E+0
8.889204E+2	4.000000E+0
8.889293E+2	-1.000000E+0
8.889382E+2	6.000000E+0
8.889471E+2	1.000000E+0
8.889559E+2	-1.000000E+0
8.889648E+2	-2.000000E+0
8.889738E+2	6.000000E+0
8.889826E+2	1.100000E+1
8.889915E+2	-4.000000E+0
8.890004E+2	4.000000E+0
8.890093E+2	1.000000E+0
8.890182E+2	-4.000000E+0
8.890270E+2	2.000000E+0
8.890359E+2	-1.000000E+0
8.890449E+2	0.000000E+0
8.890537E+2	-4.000000E+0
8.890626E+2	0.000000E+0
8.890715E+2	2.000000E+0
8.890804E+2	-3.000000E+0
8.890893E+2	-4.000000E+0
8.890982E+2	0.000000E+0
8.891071E+2	2.000000E+0
8.891160E+2	4.000000E+0
8.891248E+2	2.000000E+0
8.891337E+2	-2.000000E+0
8.891426E+2	-3.000000E+0
8.891515E+2	2.000000E+0
8.891604E+2	4.000000E+0
8.891693E+2	-4.000000E+0
8.891782E+2	-6.000000E+0
8.891871E+2	-9.000000E+0
8.891960E+2	-7.000000E+0
8.892048E+2	-3.000000E+0
8.892137E+2	-5.000000E+0
8.892226E+2	8.000000E+0
8.892315E+2	-8.000000E+0
8.892404E+2	-9.000000E+0
8.892493E+2	0.000000E+0
8.892582E+2	-2.000000E+0
8.892670E+2	3.000000E+0
8.892759E+2	-2.000000E+0
8.892849E+2	6.000000E+0
8.892937E+2	-5.000000E+0
8.893026E+2	-5.000000E+0
8.893115E+2	-4.000000E+0
8.893204E+2	-4.000000E+0
8.893293E+2	8.000000E+0
8.893381E+2	5.000000E+0
8.893470E+2	-3.000000E+0
8.893559E+2	2.000000E+0
8.893648E+2	-2.000000E+0
8.893737E+2	-6.000000E+0
8.893826E+2	9.000000E+0
8.893915E+2	0.000000E+0
8.894003E+2	3.000000E+0
8.894092E+2	2.000000E+0
8.894182E+2	6.000000E+0
8.894270E+2	1.000000E+0
8.894359E+2	2.000000E+0
8.894448E+2	0.000000E+0
8.894537E+2	-5.000000E+0
8.894625E+2	-1.000000E+0
8.894714E+2	3.000000E+0
8.894803E+2	-5.000000E+0
8.894892E+2	-4.000000E+0
8.894981E+2	4.000000E+0
8.895070E+2	-1.000000E+0
8.895159E+2	-1.000000E+0
8.895247E+2	-7.000000E+0
8.895336E+2	3.000000E+0
8.895425E+2	-2.000000E+0
8.895514E+2	3.000000E+0
8.895603E+2	0.000000E+0
8.895692E+2	4.000000E+0
8.895781E+2	3.000000E+0
8.895869E+2	3.000000E+0
8.895958E+2	3.000000E+0
8.896047E+2	1.500000E+1
8.896136E+2	8.000000E+0
8.896225E+2	-9.000000E+0
8.896313E+2	6.000000E+0
8.896403E+2	9.000000E+0
8.896491E+2	-2.000000E+0
8.896580E+2	1.500000E+1
8.896669E+2	3.000000E+0
8.896758E+2	1.000000E+0
8.896846E+2	6.000000E+0
8.896935E+2	9.000000E+0
8.897024E+2	1.400000E+1
8.897113E+2	1.900000E+1
8.897202E+2	2.000000E+1
8.897291E+2	1.400000E+1
8.897380E+2	2.300000E+1
8.897468E+2	1.500000E+1
8.897557E+2	2.700000E+1
8.897646E+2	2.300000E+1
8.897735E+2	1.800000E+1
8.897823E+2	1.700000E+1
8.897913E+2	1.500000E+1
8.898001E+2	1.000000E+1
8.898090E+2	1.200000E+1
8.898179E+2	1.100000E+1
8.898268E+2	2.000000E+0
8.898356E+2	0.000000E+0
8.898445E+2	1.000000E+1
8.898534E+2	7.000000E+0
8.898623E+2	8.000000E+0
8.898712E+2	5.000000E+0
8.898801E+2	7.000000E+0
8.898889E+2	1.400000E+1
8.898978E+2	8.000000E+0
8.899067E+2	1.400000E+1
8.899156E+2	1.200000E+1
8.899244E+2	1.100000E+1
8.899333E+2	2.000000E+0
8.899422E+2	9.000000E+0
8.899511E+2	6.000000E+0
8.899600E+2	1.100000E+1
8.899689E+2	1.000000E+0
8.899777E+2	1.100000E+1
8.899866E+2	2.000000E+0
8.899955E+2	1.100000E+1
8.900044E+2	6.000000E+0
8.900132E+2	4.000000E+0
8.900222E+2	7.000000E+0
8.900310E+2	1.000000E+1
8.900399E+2	2.400000E+1
8.900488E+2	9.000000E+0
8.900577E+2	5.000000E+0
8.900665E+2	8.000000E+0
8.900754E+2	0.000000E+0
8.900843E+2	2.000000E+0
8.900932E+2	1.100000E+1
8.901021E+2	1.100000E+1
8.901109E+2	6.000000E+0
8.901198E+2	1.900000E+1
8.901287E+2	0.000000E+0
8.901376E+2	1.900000E+1
8.901464E+2	2.700000E+1
8.901553E+2	1.500000E+1
8.901642E+2	2.600000E+1
8.901731E+2	2.500000E+1
8.901819E+2	2.500000E+1
8.901909E+2	2.500000E+1
8.901997E+2	1.900000E+1
8.902086E+2	1.900000E+1
8.902175E+2	4.100000E+1
8.902263E+2	3.100000E+1
8.902352E+2	6.000000E+0
8.902441E+2	2.500000E+1
8.902530E+2	3.900000E+1
8.902618E+2	3.200000E+1
8.902708E+2	4.300000E+1
8.902796E+2	6.200000E+1
8.902885E+2	7.100000E+1
8.902974E+2	1.210000E+2
8.903062E+2	1.080000E+2
8.903151E+2	1.340000E+2
8.903240E+2	1.270000E+2
8.903329E+2	1.200000E+2
8.903417E+2	1.310000E+2
8.903506E+2	1.160000E+2
8.903595E+2	9.600000E+1
8.903683E+2	7.400000E+1
8.903773E+2	3.300000E+1
8.903861E+2	5.300000E+1
8.903950E+2	2.500000E+1
8.904039E+2	2.300000E+1
8.904127E+2	2.200000E+1
8.904216E+2	2.900000E+1
8.904305E+2	2.000000E+1
8.904394E+2	2.400000E+1
8.904482E+2	1.600000E+1
8.904571E+2	2.200000E+1
8.904660E+2	2.200000E+1
8.904749E+2	1.600000E+1
8.904838E+2	1.500000E+1
8.904926E+2	1.200000E+1
8.905015E+2	1.400000E+1
8.905104E+2	3.000000E+0
8.905192E+2	1.400000E+1
8.905281E+2	2.800000E+1
8.905370E+2	2.000000E+1
8.905458E+2	2.400000E+1
8.905547E+2	1.100000E+1
8.905636E+2	1.200000E+1
8.905725E+2	1.700000E+1
8.905814E+2	1.700000E+1
8.905902E+2	2.300000E+1
8.905991E+2	2.000000E+1
8.906080E+2	2.600000E+1
8.906168E+2	2.600000E+1
8.906257E+2	2.100000E+1
8.906346E+2	3.300000E+1
8.906435E+2	2.000000E+1
8.906523E+2	3.500000E+1
8.906612E+2	3.100000E+1
8.906701E+2	3.100000E+1
8.906790E+2	4.100000E+1
8.906878E+2	2.000000E+1
8.906967E+2	2.000000E+1
8.907056E+2	2.300000E+1
8.907145E+2	2.800000E+1
8.907233E+2	4.500000E+1
8.907322E+2	4.400000E+1
8.907411E+2	4.500000E+1
8.907499E+2	4.600000E+1
8.907588E+2	7.600000E+1
8.907677E+2	6.700000E+1
8.907766E+2	7.900000E+1
8.907854E+2	5.600000E+1
8.907943E+2	4.800000E+1
8.908032E+2	1.800000E+1
8.908120E+2	3.000000E+1
8.908209E+2	1.900000E+1
8.908298E+2	2.400000E+1
8.908386E+2	2.200000E+1
8.908475E+2	1.100000E+1
8.908564E+2	7.000000E+0
8.908652E+2	1.700000E+1
8.908741E+2	1.400000E+1
8.908830E+2	1.400000E+1
8.908918E+2	7.000000E+0
8.909008E+2	1.400000E+1
8.909096E+2	8.000000E+0
8.909185E+2	1.400000E+1
8.909274E+2	1.100000E+1
8.909362E+2	1.600000E+1
8.909451E+2	2.000000E+1
8.909540E+2	5.000000E+0
8.909628E+2	1.600000E+1
8.909717E+2	1.400000E+1
8.909806E+2	1.500000E+1
8.909894E+2	5.000000E+0
8.909983E+2	7.000000E+0
8.910072E+2	1.400000E+1
8.910161E+2	2.400000E+1
8.910249E+2	1.300000E+1
8.910338E+2	9.000000E+0
8.910427E+2	1.900000E+1
8.910515E+2	1.000000E+1
8.910604E+2	7.000000E+0
8.910693E+2	1.100000E+1
8.910781E+2	3.000000E+1
8.910870E+2	2.100000E+1
8.910959E+2	3.000000E+1
8.911047E+2	2.600000E+1
8.911136E+2	2.200000E+1
8.911225E+2	2.900000E+1
8.911313E+2	3.800000E+1
8.911402E+2	3.600000E+1
8.911490E+2	4.400000E+1
8.911580E+2	8.600000E+1
8.911668E+2	1.130000E+2
8.911757E+2	2.140000E+2
8.911846E+2	3.370000E+2
8.911934E+2	4.430000E+2
8.912023E+2	4.600000E+2
8.912111E+2	4.320000E+2
8.912200E+2	3.310000E+2
8.912289E+2	2.530000E+2
8.912377E+2	1.260000E+2
8.912466E+2	9.100000E+1
8.912555E+2	4.800000E+1
8.912643E+2	4.200000E+1
8.912732E+2	3.300000E+1
8.912821E+2	3.400000E+1
8.912910E+2	3.100000E+1
8.912998E+2	1.900000E+1
8.913087E+2	3.000000E+1
8.913176E+2	1.100000E+1
8.913264E+2	2.700000E+1
8.913353E+2	2.200000E+1
8.913441E+2	1.400000E+1
8.913530E+2	1.200000E+1
8.913619E+2	1.000000E+1
8.913707E+2	7.000000E+0
8.913796E+2	2.300000E+1
8.913885E+2	1.500000E+1
8.913973E+2	1.900000E+1
8.914062E+2	2.100000E+1
8.914150E+2	1.400000E+1
8.914240E+2	2.800000E+1
8.914328E+2	3.500000E+1
8.914417E+2	4.100000E+1
8.914505E+2	3.900000E+1
8.914594E+2	3.500000E+1
8.914683E+2	3.900000E+1
8.914771E+2	2.600000E+1
8.914860E+2	3.000000E+1
8.914949E+2	3.400000E+1
8.915037E+2	3.300000E+1
8.915126E+2	2.100000E+1
8.915214E+2	3.000000E+1
8.915303E+2	4.200000E+1
8.915392E+2	4.300000E+1
8.915480E+2	3.500000E+1
8.915569E+2	6.900000E+1
8.915657E+2	7.100000E+1
8.915746E+2	9.000000E+1
8.915835E+2	1.240000E+2
8.915923E+2	1.700000E+2
8.916012E+2	1.500000E+2
8.916100E+2	1.350000E+2
8.916190E+2	1.350000E+2
8.916278E+2	7.400000E+1
8.916367E+2	4.900000E+1
8.916455E+2	5.200000E+1
8.916544E+2	5.200000E+1
8.916633E+2	2.900000E+1
8.916721E+2	3.400000E+1
8.916810E+2	3.100000E+1
8.916898E+2	3.600000E+1
8.916987E+2	2.700000E+1
8.917076E+2	2.400000E+1
8.917164E+2	2.300000E+1
8.917253E+2	3.400000E+1
8.917341E+2	1.600000E+1
8.917430E+2	1.500000E+1
8.917518E+2	1.200000E+1
8.917607E+2	1.000000E+1
8.917696E+2	1.600000E+1
8.917784E+2	1.300000E+1
8.917873E+2	2.000000E+1
8.917961E+2	0.000000E+0
8.918051E+2	1.000000E+0
8.918139E+2	1.600000E+1
8.918228E+2	1.400000E+1
8.918316E+2	1.000000E+0
8.918405E+2	1.600000E+1
8.918493E+2	6.000000E+0
8.918582E+2	1.200000E+1
8.918671E+2	4.000000E+0
8.918759E+2	1.600000E+1
8.918848E+2	0.000000E+0
8.918936E+2	1.300000E+1
8.919025E+2	1.100000E+1
8.919114E+2	4.000000E+0
8.919202E+2	1.400000E+1
8.919291E+2	3.000000E+0
8.919379E+2	2.100000E+1
8.919468E+2	1.800000E+1
8.919556E+2	2.200000E+1
8.919645E+2	1.800000E+1
8.919734E+2	1.100000E+1
8.919822E+2	6.000000E+0
8.919911E+2	8.000000E+0
8.919999E+2	1.200000E+1
8.920088E+2	5.000000E+0
8.920176E+2	5.000000E+0
8.920265E+2	6.000000E+0
8.920354E+2	1.000000E+1
8.920443E+2	1.900000E+1
8.920531E+2	1.800000E+1
8.920620E+2	7.000000E+0
8.920708E+2	-7.000000E+0
8.920797E+2	0.000000E+0
8.920885E+2	2.000000E+0
8.920974E+2	1.000000E+0
8.921063E+2	9.000000E+0
8.921151E+2	7.000000E+0
8.921240E+2	8.000000E+0
8.921328E+2	-6.000000E+0
8.921417E+2	8.000000E+0
8.921505E+2	4.000000E+0
8.921594E+2	7.000000E+0
8.921682E+2	1.200000E+1
8.921771E+2	6.000000E+0
8.921860E+2	1.100000E+1
8.921948E+2	1.400000E+1
8.922037E+2	4.000000E+0
8.922125E+2	1.800000E+1
8.922214E+2	1.000000E+0
8.922302E+2	7.000000E+0
8.922391E+2	7.000000E+0
8.922479E+2	6.000000E+0
8.922568E+2	7.000000E+0
8.922657E+2	1.400000E+1
8.922745E+2	6.000000E+0
8.922834E+2	1.400000E+1
8.922922E+2	3.000000E+0
8.923011E+2	5.000000E+0
8.923099E+2	7.000000E+0
8.923188E+2	1.200000E+1
8.923276E+2	8.000000E+0
8.923365E+2	7.000000E+0
8.923453E+2	6.000000E+0
8.923542E+2	4.000000E+0
8.923630E+2	2.000000E+0
8.923719E+2	4.000000E+0
8.923808E+2	9.000000E+0
8.923896E+2	1.100000E+1
8.923985E+2	7.000000E+0
8.924073E+2	0.000000E+0
8.924162E+2	4.000000E+0
8.924250E+2	-4.000000E+0
8.924339E+2	1.000000E+0
8.924427E+2	-9.000000E+0
8.924516E+2	9.000000E+0
8.924604E+2	6.000000E+0
8.924693E+2	6.000000E+0
8.924781E+2	0.000000E+0
8.924870E+2	6.000000E+0
8.924958E+2	-9.000000E+0
8.925048E+2	5.000000E+0
8.925136E+2	1.700000E+1
8.925225E+2	-7.000000E+0
8.925313E+2	6.000000E+0
8.925402E+2	7.000000E+0
8.925490E+2	9.000000E+0
8.925579E+2	1.200000E+1
8.925667E+2	0.000000E+0
8.925756E+2	6.000000E+0
8.925844E+2	8.000000E+0
8.925933E+2	0.000000E+0
8.926021E+2	1.300000E+1
8.926110E+2	-5.000000E+0
8.926198E+2	4.000000E+0
8.926287E+2	5.000000E+0
8.926375E+2	0.000000E+0
8.926464E+2	2.100000E+1
8.926552E+2	-1.000000E+0
8.926641E+2	1.200000E+1
8.926729E+2	1.300000E+1
8.926818E+2	3.000000E+0
8.926906E+2	-4.000000E+0
8.926995E+2	4.000000E+0
8.927083E+2	3.000000E+0
8.927172E+2	1.000000E+0
8.927260E+2	1.000000E+0
8.927349E+2	1.000000E+0
8.927437E+2	4.000000E+0
8.927526E+2	-8.000000E+0
8.927614E+2	-1.000000E+0
8.927703E+2	7.000000E+0
8.927791E+2	-2.000000E+0
8.927880E+2	-4.000000E+0
8.927968E+2	-2.000000E+0
8.928057E+2	1.600000E+1
8.928145E+2	-4.000000E+0
8.928234E+2	1.000000E+0
8.928322E+2	2.000000E+1
8.928411E+2	5.000000E+0
8.928499E+2	-4.000000E+0
8.928588E+2	-2.000000E+0
8.928676E+2	-7.000000E+0
8.928765E+2	3.000000E+0
8.928853E+2	4.000000E+0
8.928942E+2	1.100000E+1
8.929030E+2	1.000000E+0
8.929119E+2	7.000000E+0
8.929207E+2	0.000000E+0
8.929296E+2	1.200000E+1
8.929384E+2	-1.000000E+0
8.929473E+2	-3.000000E+0
8.929561E+2	8.000000E+0
8.929650E+2	-5.000000E+0
8.929738E+2	1.000000E+0
8.929827E+2	1.000000E+0
8.929915E+2	-5.000000E+0
8.930004E+2	-8.000000E+0
8.930092E+2	0.000000E+0
8.930181E+2	-9.000000E+0
8.930269E+2	-4.000000E+0
8.930358E+2	-3.000000E+0
8.930446E+2	5.000000E+0
8.930535E+2	2.000000E+0
8.930623E+2	-5.000000E+0
8.930712E+2	1.100000E+1
8.930800E+2	-2.000000E+0
8.930889E+2	3.000000E+0
8.930977E+2	4.000000E+0
8.931066E+2	8.000000E+0
8.931154E+2	0.000000E+0
8.931242E+2	5.000000E+0
8.931331E+2	3.000000E+0
8.931419E+2	2.000000E+0
8.931508E+2	3.000000E+0
8.931596E+2	6.000000E+0
8.931685E+2	-5.000000E+0
8.931773E+2	1.000000E+0
8.931862E+2	7.000000E+0
8.931950E+2	8.000000E+0
8.932039E+2	-3.000000E+0
8.932127E+2	6.000000E+0
8.932216E+2	1.000000E+0
8.932304E+2	0.000000E+0
8.932393E+2	4.000000E+0
8.932481E+2	1.200000E+1
8.932569E+2	8.000000E+0
8.932657E+2	1.600000E+1
8.932746E+2	1.000000E+1
8.932834E+2	9.000000E+0
8.932923E+2	4.000000E+0
8.933011E+2	3.000000E+0
8.933100E+2	-1.200000E+1
8.933188E+2	-2.000000E+0
8.933277E+2	-4.000000E+0
8.933365E+2	1.000000E+0
8.933454E+2	-5.000000E+0
8.933542E+2	-2.000000E+0
8.933630E+2	3.000000E+0
8.933719E+2	2.000000E+0
8.933807E+2	8.000000E+0
8.933896E+2	-8.000000E+0
8.933984E+2	5.000000E+0
8.934073E+2	5.000000E+0
8.934161E+2	-3.000000E+0
8.934250E+2	9.000000E+0
8.934338E+2	7.000000E+0
8.934426E+2	1.100000E+1
8.934515E+2	8.000000E+0
8.934603E+2	-1.000000E+0
8.934692E+2	7.000000E+0
8.934780E+2	8.000000E+0
8.934869E+2	1.200000E+1
8.934957E+2	1.100000E+1
8.935046E+2	1.300000E+1
8.935134E+2	1.500000E+1
8.935222E+2	2.700000E+1
8.935311E+2	1.400000E+1
8.935399E+2	1.600000E+1
8.935488E+2	2.100000E+1
8.935576E+2	3.000000E+1
8.935665E+2	3.800000E+1
8.935753E+2	8.000000E+0
8.935842E+2	4.300000E+1
8.935930E+2	1.100000E+1
8.936018E+2	1.600000E+1
8.936107E+2	4.000000E+1
8.936195E+2	1.800000E+1
8.936284E+2	4.300000E+1
8.936372E+2	5.900000E+1
8.936461E+2	7.100000E+1
8.936548E+2	6.600000E+1
8.936637E+2	1.140000E+2
8.936725E+2	1.520000E+2
8.936814E+2	2.310000E+2
8.936902E+2	2.640000E+2
8.936991E+2	3.040000E+2
8.937079E+2	2.610000E+2
8.937167E+2	2.320000E+2
8.937256E+2	1.630000E+2
8.937344E+2	1.070000E+2
8.937433E+2	6.100000E+1
8.937521E+2	4.400000E+1
8.937609E+2	3.300000E+1
8.937698E+2	2.300000E+1
8.937786E+2	2.500000E+1
8.937875E+2	1.800000E+1
8.937963E+2	4.400000E+1
8.938052E+2	2.600000E+1
8.938140E+2	3.400000E+1
8.938228E+2	1.500000E+1
8.938317E+2	1.300000E+1
8.938405E+2	5.000000E+0
8.938494E+2	2.600000E+1
8.938582E+2	2.200000E+1
8.938670E+2	3.100000E+1
8.938759E+2	3.000000E+1
8.938847E+2	2.000000E+1
8.938936E+2	2.100000E+1
8.939024E+2	1.700000E+1
8.939112E+2	1.800000E+1
8.939200E+2	3.000000E+1
8.939289E+2	2.800000E+1
8.939377E+2	4.600000E+1
8.939466E+2	1.700000E+1
8.939554E+2	3.500000E+1
8.939642E+2	6.400000E+1
8.939731E+2	6.800000E+1
8.939819E+2	9.100000E+1
8.939908E+2	7.800000E+1
8.939996E+2	6.700000E+1
8.940084E+2	9.500000E+1
8.940173E+2	5.100000E+1
8.940261E+2	6.400000E+1
8.940350E+2	3.500000E+1
8.940438E+2	4.000000E+0
8.940526E+2	9.000000E+0
8.940615E+2	9.000000E+0
8.940703E+2	5.000000E+0
8.940792E+2	1.400000E+1
8.940880E+2	1.800000E+1
8.940968E+2	1.000000E+1
8.941057E+2	1.700000E+1
8.941145E+2	4.000000E+0
8.941233E+2	1.300000E+1
8.941321E+2	1.600000E+1
8.941410E+2	4.000000E+0
8.941498E+2	2.000000E+1
8.941586E+2	8.000000E+0
8.941675E+2	1.500000E+1
8.941763E+2	1.200000E+1
8.941852E+2	1.700000E+1
8.941940E+2	1.900000E+1
8.942028E+2	5.000000E+0
8.942117E+2	4.000000E+0
8.942205E+2	2.300000E+1
8.942294E+2	1.100000E+1
8.942382E+2	2.000000E+1
8.942470E+2	2.200000E+1
8.942559E+2	2.200000E+1
8.942647E+2	1.200000E+1
8.942735E+2	2.000000E+1
8.942823E+2	8.000000E+0
8.942912E+2	1.900000E+1
8.943000E+2	2.300000E+1
8.943088E+2	2.200000E+1
8.943177E+2	2.000000E+1
8.943265E+2	3.200000E+1
8.943353E+2	3.000000E+1
8.943442E+2	2.400000E+1
8.943530E+2	2.700000E+1
8.943619E+2	3.300000E+1
8.943707E+2	3.400000E+1
8.943795E+2	2.800000E+1
8.943884E+2	2.600000E+1
8.943972E+2	2.800000E+1
8.944060E+2	2.400000E+1
8.944149E+2	8.000000E+0
8.944237E+2	1.500000E+1
8.944325E+2	1.000000E+1
8.944413E+2	9.000000E+0
8.944502E+2	1.200000E+1
8.944590E+2	2.000000E+0
8.944678E+2	6.000000E+0
8.944767E+2	1.300000E+1
8.944855E+2	6.000000E+0
8.944943E+2	-2.000000E+0
8.945032E+2	2.200000E+1
8.945120E+2	6.000000E+0
8.945208E+2	0.000000E+0
8.945297E+2	2.300000E+1
8.945385E+2	2.500000E+1
8.945474E+2	7.000000E+0
8.945562E+2	4.000000E+0
8.945650E+2	1.000000E+1
8.945739E+2	-2.000000E+0
8.945826E+2	1.800000E+1
8.945915E+2	0.000000E+0
8.946003E+2	1.000000E+0
8.946091E+2	2.000000E+0
8.946180E+2	0.000000E+0
8.946268E+2	1.200000E+1
8.946356E+2	8.000000E+0
8.946445E+2	1.000000E+1
8.946533E+2	6.000000E+0
8.946621E+2	8.000000E+0
8.946710E+2	1.100000E+1
8.946798E+2	1.000000E+0
8.946886E+2	3.000000E+0
8.946974E+2	1.000000E+1
8.947063E+2	-2.000000E+0
8.947151E+2	-1.100000E+1
8.947239E+2	1.500000E+1
8.947328E+2	-2.000000E+0
8.947416E+2	1.800000E+1
8.947504E+2	6.000000E+0
8.947593E+2	5.000000E+0
8.947681E+2	0.000000E+0
8.947769E+2	1.100000E+1
8.947858E+2	7.000000E+0
8.947946E+2	1.700000E+1
8.948034E+2	0.000000E+0
8.948123E+2	9.000000E+0
8.948210E+2	-1.000000E+0
8.948299E+2	-9.000000E+0
8.948387E+2	1.200000E+1
8.948475E+2	5.000000E+0
8.948564E+2	-6.000000E+0
8.948652E+2	7.000000E+0
8.948740E+2	8.000000E+0
8.948829E+2	2.000000E+0
8.948917E+2	-5.000000E+0
8.949005E+2	1.000000E+0
8.949094E+2	1.000000E+0
8.949182E+2	4.000000E+0
8.949270E+2	-8.000000E+0
8.949359E+2	5.000000E+0
8.949446E+2	-2.000000E+0
8.949535E+2	2.000000E+0
8.949623E+2	8.000000E+0
8.949711E+2	1.100000E+1
8.949800E+2	2.000000E+0
8.949888E+2	5.000000E+0
8.949976E+2	-1.000000E+0
8.950065E+2	6.000000E+0
8.950153E+2	-1.600000E+1
8.950241E+2	9.000000E+0
8.950329E+2	-2.000000E+0
8.950417E+2	8.000000E+0
8.950506E+2	-1.000000E+0
8.950594E+2	1.000000E+0
8.950682E+2	0.000000E+0
8.950771E+2	-6.000000E+0
8.950859E+2	-6.000000E+0
8.950947E+2	-1.000000E+0
8.951035E+2	6.000000E+0
8.951124E+2	-1.000000E+0
8.951212E+2	-1.100000E+1
8.951300E+2	-5.000000E+0
8.951389E+2	3.000000E+0
8.951476E+2	0.000000E+0
8.951565E+2	-7.000000E+0
8.951653E+2	-7.000000E+0
8.951741E+2	-5.000000E+0
8.951830E+2	1.000000E+1
8.951918E+2	4.000000E+0
8.952006E+2	8.000000E+0
8.952094E+2	-2.000000E+0
8.952183E+2	0.000000E+0
8.952271E+2	7.000000E+0
8.952359E+2	8.000000E+0
8.952448E+2	1.000000E+0
8.952535E+2	0.000000E+0
8.952624E+2	-4.000000E+0
8.952712E+2	2.000000E+0
8.952800E+2	-4.000000E+0
8.952889E+2	-9.000000E+0
8.952977E+2	-5.000000E+0
8.953065E+2	4.000000E+0
8.953153E+2	-9.000000E+0
8.953242E+2	4.000000E+0
8.953329E+2	4.000000E+0
8.953418E+2	3.000000E+0
8.953506E+2	1.000000E+0
8.953594E+2	9.000000E+0
8.953683E+2	3.000000E+0
8.953771E+2	1.000000E+1
8.953859E+2	1.300000E+1
8.953947E+2	2.000000E+0
8.954036E+2	-6.000000E+0
8.954124E+2	-3.000000E+0
8.954212E+2	7.000000E+0
8.954300E+2	1.000000E+0
8.954388E+2	0.000000E+0
8.954476E+2	3.000000E+0
8.954565E+2	-4.000000E+0
8.954653E+2	-1.000000E+0
8.954741E+2	-2.000000E+0
8.954830E+2	2.000000E+0
8.954918E+2	0.000000E+0
8.955006E+2	7.000000E+0
8.955094E+2	-5.000000E+0
8.955182E+2	6.000000E+0
8.955270E+2	7.000000E+0
8.955359E+2	3.000000E+0
8.955447E+2	0.000000E+0
8.955535E+2	6.000000E+0
8.955623E+2	-4.000000E+0
8.955712E+2	-3.000000E+0
8.955800E+2	-8.000000E+0
8.955888E+2	-3.000000E+0
8.955976E+2	-1.100000E+1
8.956064E+2	-2.000000E+0
8.956152E+2	1.000000E+0
8.956241E+2	-8.000000E+0
8.956329E+2	-8.000000E+0
8.956417E+2	-4.000000E+0
8.956505E+2	-1.000000E+0
8.956594E+2	1.000000E+1
8.956682E+2	1.000000E+0
8.956770E+2	1.000000E+1
8.956858E+2	7.000000E+0
8.956946E+2	6.000000E+0
8.957034E+2	-2.000000E+0
8.957123E+2	-3.000000E+0
8.957211E+2	7.000000E+0
8.957299E+2	7.000000E+0
8.957387E+2	-1.000000E+0
8.957476E+2	-3.000000E+0
8.957563E+2	2.000000E+0
8.957652E+2	-6.000000E+0
8.957740E+2	-4.000000E+0
8.957828E+2	-6.000000E+0
8.957916E+2	-2.000000E+0
8.958005E+2	5.000000E+0
8.958093E+2	-3.000000E+0
8.958181E+2	3.000000E+0
8.958269E+2	-2.000000E+0
8.958358E+2	2.000000E+0
8.958445E+2	-5.000000E+0
8.958533E+2	0.000000E+0
8.958622E+2	7.000000E+0
8.958710E+2	0.000000E+0
8.958798E+2	-5.000000E+0
8.958886E+2	0.000000E+0
8.958975E+2	5.000000E+0
8.959062E+2	-1.000000E+0
8.959151E+2	-6.000000E+0
8.959239E+2	2.000000E+0
8.959327E+2	0.000000E+0
8.959415E+2	2.000000E+0
8.959503E+2	5.000000E+0
8.959592E+2	6.000000E+0
8.959680E+2	1.000000E+0
8.959768E+2	-5.000000E+0
8.959856E+2	-3.000000E+0
8.959944E+2	-9.000000E+0
8.960032E+2	4.000000E+0
8.960121E+2	-3.000000E+0
8.960209E+2	-3.000000E+0
8.960297E+2	0.000000E+0
8.960385E+2	-1.000000E+0
8.960473E+2	1.000000E+0
8.960562E+2	-2.000000E+0
8.960649E+2	-3.000000E+0
8.960738E+2	-3.000000E+0
8.960826E+2	7.000000E+0
8.960914E+2	-1.000000E+0
8.961002E+2	-2.000000E+0
8.961090E+2	2.000000E+0
8.961179E+2	-2.000000E+0
8.961266E+2	-1.000000E+0
8.961355E+2	-4.000000E+0
8.961443E+2	-7.000000E+0
8.961531E+2	3.000000E+0
8.961619E+2	-2.000000E+0
8.961707E+2	5.000000E+0
8.961796E+2	3.000000E+0
8.961884E+2	2.000000E+0
8.961971E+2	-9.000000E+0
8.962060E+2	-4.000000E+0
8.962148E+2	-2.000000E+0
8.962236E+2	-1.000000E+0
8.962324E+2	0.000000E+0
8.962412E+2	4.000000E+0
8.962501E+2	1.000000E+0
8.962589E+2	-4.000000E+0
8.962677E+2	-4.000000E+0
8.962765E+2	-5.000000E+0
8.962853E+2	5.000000E+0
8.962941E+2	0.000000E+0
8.963029E+2	-7.000000E+0
8.963117E+2	5.000000E+0
8.963206E+2	-2.000000E+0
8.963293E+2	-6.000000E+0
8.963382E+2	-3.000000E+0
8.963470E+2	1.000000E+0
8.963558E+2	5.000000E+0
8.963646E+2	4.000000E+0
8.963734E+2	-3.000000E+0
8.963822E+2	-3.000000E+0
8.963911E+2	-2.000000E+0
8.963998E+2	9.000000E+0
8.964087E+2	-9.000000E+0
8.964175E+2	-3.000000E+0
8.964263E+2	5.000000E+0
8.964351E+2	-3.000000E+0
8.964439E+2	-5.000000E+0
8.964527E+2	-1.000000E+0
8.964615E+2	-4.000000E+0
8.964703E+2	1.000000E+0
8.964791E+2	1.000000E+0
8.964880E+2	-5.000000E+0
8.964968E+2	4.000000E+0
8.965056E+2	-1.000000E+0
8.965144E+2	2.000000E+0
8.965232E+2	4.000000E+0
8.965320E+2	-1.200000E+1
8.965408E+2	1.000000E+0
8.965496E+2	2.000000E+0
8.965585E+2	-3.000000E+0
8.965673E+2	1.000000E+0
8.965760E+2	-9.000000E+0
8.965849E+2	-3.000000E+0
8.965937E+2	-6.000000E+0
8.966025E+2	9.000000E+0
8.966113E+2	-5.000000E+0
8.966201E+2	-1.000000E+0
8.966289E+2	-1.000000E+1
8.966378E+2	5.000000E+0
8.966465E+2	1.000000E+0
8.966553E+2	-3.000000E+0
8.966642E+2	3.000000E+0
8.966730E+2	-1.500000E+1
8.966818E+2	-8.000000E+0
8.966906E+2	0.000000E+0
8.966994E+2	-3.000000E+0
8.967082E+2	4.000000E+0
8.967170E+2	-6.000000E+0
8.967258E+2	-2.000000E+0
8.967346E+2	8.000000E+0
8.967434E+2	0.000000E+0
8.967523E+2	-8.000000E+0
8.967610E+2	-1.000000E+0
8.967698E+2	-5.000000E+0
8.967787E+2	1.000000E+0
8.967875E+2	9.000000E+0
8.967963E+2	-6.000000E+0
8.968051E+2	1.000000E+0
8.968139E+2	-1.200000E+1
8.968227E+2	3.000000E+0
8.968315E+2	-1.200000E+1
8.968403E+2	1.000000E+0
8.968491E+2	-1.000000E+0
8.968579E+2	-5.000000E+0
8.968667E+2	-9.000000E+0
8.968755E+2	-5.000000E+0
8.968843E+2	0.000000E+0
8.968931E+2	-1.000000E+0
8.969020E+2	-9.000000E+0
8.969108E+2	-7.000000E+0
8.969196E+2	5.000000E+0
8.969283E+2	-5.000000E+0
8.969372E+2	5.000000E+0
8.969460E+2	-3.000000E+0
8.969548E+2	-1.000000E+0
8.969636E+2	-6.000000E+0
8.969724E+2	-4.000000E+0
8.969812E+2	-1.400000E+1
8.969900E+2	-1.100000E+1
8.969988E+2	7.000000E+0
8.970076E+2	-1.300000E+1
8.970164E+2	1.000000E+0
8.970252E+2	6.000000E+0
8.970341E+2	-2.000000E+0
8.970428E+2	-1.200000E+1
8.970516E+2	-1.000000E+0
8.970604E+2	-1.000000E+0
8.970693E+2	-2.000000E+0
8.970781E+2	-5.000000E+0
8.970869E+2	1.000000E+0
8.970956E+2	5.000000E+0
8.971045E+2	-6.000000E+0
8.971133E+2	-7.000000E+0
8.971221E+2	-3.000000E+0
8.971309E+2	-4.000000E+0
8.971397E+2	3.000000E+0
8.971485E+2	1.000000E+1
8.971573E+2	-3.000000E+0
8.971661E+2	1.300000E+1
8.971749E+2	0.000000E+0
8.971837E+2	6.000000E+0
8.971925E+2	9.000000E+0
8.972013E+2	5.000000E+0
8.972101E+2	-3.000000E+0
8.972189E+2	-4.000000E+0
8.972277E+2	-6.000000E+0
8.972365E+2	-4.000000E+0
8.972453E+2	-2.000000E+0
8.972541E+2	-2.000000E+0
8.972629E+2	1.000000E+0
8.972717E+2	0.000000E+0
8.972805E+2	1.000000E+0
8.972893E+2	-3.000000E+0
8.972981E+2	-4.000000E+0
8.973069E+2	-7.000000E+0
8.973157E+2	-1.000000E+1
8.973245E+2	-5.000000E+0
8.973333E+2	-5.000000E+0
8.973422E+2	2.000000E+0
8.973510E+2	-4.000000E+0
8.973597E+2	1.000000E+0
8.973685E+2	0.000000E+0
8.973773E+2	1.000000E+0
8.973861E+2	-7.000000E+0
8.973950E+2	4.000000E+0
8.974037E+2	-3.000000E+0
8.974125E+2	-4.000000E+0
8.974213E+2	0.000000E+0
8.974301E+2	5.000000E+0
8.974390E+2	-4.000000E+0
8.974478E+2	-5.000000E+0
8.974565E+2	-1.000000E+0
8.974653E+2	0.000000E+0
8.974741E+2	-1.200000E+1
8.974829E+2	7.000000E+0
8.974918E+2	-4.000000E+0
8.975005E+2	-1.000000E+0
8.975093E+2	-3.000000E+0
8.975181E+2	0.000000E+0
8.975269E+2	-4.000000E+0
8.975357E+2	1.000000E+0
8.975446E+2	-2.000000E+0
8.975533E+2	-9.000000E+0
8.975621E+2	5.000000E+0
8.975709E+2	0.000000E+0
8.975797E+2	1.000000E+0
8.975885E+2	-7.000000E+0
8.975974E+2	8.000000E+0
8.976061E+2	-8.000000E+0
8.976149E+2	2.000000E+0
8.976237E+2	-2.000000E+0
8.976325E+2	-3.000000E+0
8.976413E+2	-5.000000E+0
8.976501E+2	0.000000E+0
8.976589E+2	-5.000000E+0
8.976677E+2	-6.000000E+0
8.976765E+2	3.000000E+0
8.976853E+2	-6.000000E+0
8.976941E+2	-7.000000E+0
8.977029E+2	-6.000000E+0
8.977117E+2	0.000000E+0
8.977205E+2	2.000000E+0
8.977293E+2	-6.000000E+0
8.977381E+2	0.000000E+0
8.977469E+2	3.000000E+0
8.977557E+2	-4.000000E+0
8.977645E+2	-3.000000E+0
8.977733E+2	-2.000000E+0
8.977820E+2	-4.000000E+0
8.977909E+2	-7.000000E+0
8.977997E+2	-1.000000E+0
8.978085E+2	-1.200000E+1
8.978173E+2	0.000000E+0
8.978260E+2	-1.000000E+0
8.978348E+2	3.000000E+0
8.978436E+2	4.000000E+0
8.978524E+2	-6.000000E+0
8.978612E+2	0.000000E+0
8.978701E+2	-9.000000E+0
8.978788E+2	-6.000000E+0
8.978876E+2	-1.000000E+0
8.978964E+2	-4.000000E+0
8.979052E+2	4.000000E+0
8.979140E+2	6.000000E+0
8.979228E+2	-1.100000E+1
8.979316E+2	1.300000E+1
8.979404E+2	-7.000000E+0
8.979492E+2	-4.000000E+0
8.979580E+2	-1.000000E+1
8.979668E+2	-7.000000E+0
8.979756E+2	-4.000000E+0
8.979844E+2	-9.000000E+0
8.979932E+2	6.000000E+0
8.980020E+2	-9.000000E+0
8.980107E+2	-8.000000E+0
8.980195E+2	-9.000000E+0
8.980283E+2	-1.000000E+1
8.980371E+2	1.000000E+0
8.980459E+2	4.000000E+0
8.980547E+2	-4.000000E+0
8.980635E+2	-5.000000E+0
8.980723E+2	7.000000E+0
8.980811E+2	1.000000E+1
8.980899E+2	1.000000E+0
8.980987E+2	7.000000E+0
8.981075E+2	9.000000E+0
8.981163E+2	-4.000000E+0
8.981251E+2	5.000000E+0
8.981339E+2	-1.000000E+0
8.981426E+2	1.000000E+0
8.981514E+2	6.000000E+0
8.981602E+2	-3.000000E+0
8.981690E+2	8.000000E+0
8.981778E+2	3.000000E+0
8.981866E+2	-3.000000E+0
8.981954E+2	0.000000E+0
8.982042E+2	-2.000000E+0
8.982130E+2	-1.000000E+0
8.982217E+2	-3.000000E+0
8.982305E+2	-5.000000E+0
8.982394E+2	8.000000E+0
8.982482E+2	4.000000E+0
8.982570E+2	9.000000E+0
8.982657E+2	-4.000000E+0
8.982745E+2	8.000000E+0
8.982833E+2	-1.000000E+1
8.982921E+2	5.000000E+0
8.983009E+2	3.000000E+0
8.983097E+2	-3.000000E+0
8.983185E+2	-3.000000E+0
8.983273E+2	-4.000000E+0
8.983361E+2	-8.000000E+0
8.983448E+2	-5.000000E+0
8.983536E+2	-2.000000E+0
8.983624E+2	1.000000E+0
8.983712E+2	2.000000E+0
8.983800E+2	-2.000000E+0
8.983888E+2	-4.000000E+0
8.983976E+2	-2.000000E+0
8.984064E+2	1.000000E+0
8.984152E+2	-2.000000E+0
8.984240E+2	7.000000E+0
8.984327E+2	-4.000000E+0
8.984415E+2	1.000000E+1
8.984503E+2	-4.000000E+0
8.984591E+2	-9.000000E+0
8.984679E+2	-3.000000E+0
8.984767E+2	-9.000000E+0
8.984855E+2	-1.000000E+0
8.984943E+2	-3.000000E+0
8.985031E+2	3.000000E+0
8.985118E+2	-4.000000E+0
8.985206E+2	0.000000E+0
8.985294E+2	4.000000E+0
8.985382E+2	2.000000E+0
8.985470E+2	1.000000E+0
8.985558E+2	-8.000000E+0
8.985646E+2	4.000000E+0
8.985734E+2	-6.000000E+0
8.985822E+2	3.000000E+0
8.985909E+2	-1.200000E+1
8.985997E+2	3.000000E+0
8.986085E+2	-1.100000E+1
8.986173E+2	-6.000000E+0
8.986261E+2	-9.000000E+0
8.986349E+2	0.000000E+0
8.986437E+2	-1.000000E+1
8.986524E+2	-4.000000E+0
8.986612E+2	-1.000000E+1
8.986700E+2	-2.000000E+0
8.986788E+2	-4.000000E+0
8.986876E+2	0.000000E+0
8.986964E+2	-2.000000E+0
8.987051E+2	-2.000000E+0
8.987139E+2	0.000000E+0
8.987227E+2	-3.000000E+0
8.987315E+2	2.000000E+0
8.987403E+2	-6.000000E+0
8.987491E+2	-1.000000E+0
8.987579E+2	-3.000000E+0
8.987667E+2	-4.000000E+0
8.987755E+2	5.000000E+0
8.987842E+2	-1.000000E+1
8.987930E+2	3.000000E+0
8.988018E+2	0.000000E+0
8.988106E+2	4.000000E+0
8.988193E+2	6.000000E+0
8.988281E+2	-6.000000E+0
8.988369E+2	3.000000E+0
8.988457E+2	-3.000000E+0
8.988545E+2	-3.000000E+0
8.988633E+2	-1.000000E+0
8.988721E+2	-9.000000E+0
8.988809E+2	-2.000000E+0
8.988896E+2	-9.000000E+0
8.988984E+2	-5.000000E+0
8.989072E+2	-2.000000E+0
8.989160E+2	4.000000E+0
8.989248E+2	3.000000E+0
8.989335E+2	-6.000000E+0
8.989423E+2	-2.000000E+0
8.989511E+2	-5.000000E+0
8.989599E+2	-5.000000E+0
8.989687E+2	3.000000E+0
8.989775E+2	2.000000E+0
8.989863E+2	2.000000E+0
8.989951E+2	-3.000000E+0
8.990038E+2	-4.000000E+0
8.990126E+2	0.000000E+0
8.990214E+2	-1.300000E+1
8.990302E+2	-2.000000E+0
8.990389E+2	1.000000E+0
8.990477E+2	-5.000000E+0
8.990565E+2	-2.000000E+0
8.990653E+2	-4.000000E+0
8.990741E+2	6.000000E+0
8.990829E+2	-2.000000E+0
8.990917E+2	-2.000000E+0
8.991004E+2	-1.000000E+0
8.991092E+2	0.000000E+0
8.991180E+2	0.000000E+0
8.991268E+2	4.000000E+0
8.991356E+2	-1.000000E+0
8.991443E+2	-6.000000E+0
8.991531E+2	-3.000000E+0
8.991619E+2	-3.000000E+0
8.991707E+2	-7.000000E+0
8.991794E+2	-1.500000E+1
8.991882E+2	3.000000E+0
8.991970E+2	2.000000E+0
8.992058E+2	4.000000E+0
8.992146E+2	7.000000E+0
8.992234E+2	-5.000000E+0
8.992322E+2	-3.000000E+0
8.992409E+2	-2.000000E+0
8.992497E+2	9.000000E+0
8.992585E+2	-1.000000E+0
8.992673E+2	6.000000E+0
8.992761E+2	2.000000E+0
8.992849E+2	1.000000E+0
8.992936E+2	-2.000000E+0
8.993024E+2	3.000000E+0
8.993112E+2	1.000000E+0
8.993199E+2	-2.000000E+0
8.993287E+2	-6.000000E+0
8.993375E+2	-1.300000E+1
8.993463E+2	5.000000E+0
8.993550E+2	1.000000E+0
8.993638E+2	-4.000000E+0
8.993726E+2	-2.000000E+0
8.993814E+2	-5.000000E+0
8.993902E+2	-5.000000E+0
8.993990E+2	-4.000000E+0
8.994077E+2	-1.000000E+0
8.994165E+2	-1.000000E+0
8.994253E+2	-3.000000E+0
8.994341E+2	-4.000000E+0
8.994429E+2	-1.000000E+0
8.994516E+2	5.000000E+0
8.994604E+2	1.400000E+1
8.994692E+2	-2.000000E+0
8.994780E+2	2.000000E+0
8.994868E+2	8.000000E+0
8.994955E+2	2.000000E+0
8.995043E+2	-1.000000E+0
8.995131E+2	-5.000000E+0
8.995219E+2	0.000000E+0
8.995306E+2	-6.000000E+0
8.995394E+2	-2.000000E+0
8.995482E+2	4.000000E+0
8.995569E+2	-1.000000E+0
8.995657E+2	-4.000000E+0
8.995745E+2	-6.000000E+0
8.995833E+2	5.000000E+0
8.995920E+2	4.000000E+0
8.996008E+2	2.000000E+0
8.996096E+2	-1.000000E+0
8.996184E+2	2.000000E+0
8.996271E+2	-1.000000E+0
8.996359E+2	1.000000E+0
8.996447E+2	-6.000000E+0
8.996535E+2	4.000000E+0
8.996623E+2	-1.000000E+0
8.996710E+2	6.000000E+0
8.996798E+2	2.000000E+0
8.996886E+2	1.000000E+1
8.996974E+2	6.000000E+0
8.997061E+2	1.200000E+1
8.997149E+2	3.000000E+0
8.997237E+2	-1.000000E+0
8.997325E+2	1.000000E+1
8.997413E+2	-3.000000E+0
8.997500E+2	-2.000000E+0
8.997588E+2	-5.000000E+0
8.997676E+2	4.000000E+0
8.997764E+2	-1.200000E+1
8.997851E+2	3.000000E+0
8.997939E+2	-1.000000E+0
8.998027E+2	5.000000E+0
8.998115E+2	-6.000000E+0
8.998202E+2	-6.000000E+0
8.998290E+2	0.000000E+0
8.998378E+2	-4.000000E+0
8.998466E+2	-3.000000E+0
8.998553E+2	2.000000E+0
8.998641E+2	4.000000E+0
8.998729E+2	-5.000000E+0
8.998817E+2	7.000000E+0
8.998904E+2	0.000000E+0
8.998992E+2	-2.000000E+0
8.999080E+2	8.000000E+0
8.999167E+2	-6.000000E+0
8.999255E+2	-1.000000E+0
8.999343E+2	4.000000E+0
8.999431E+2	3.000000E+0
8.999518E+2	3.000000E+0
8.999606E+2	2.000000E+0
8.999694E+2	-2.000000E+0
8.999781E+2	1.000000E+0
8.999869E+2	-6.000000E+0
8.999957E+2	-7.000000E+0
9.000045E+2	-1.000000E+0
9.000132E+2	-7.000000E+0
9.000220E+2	6.000000E+0
9.000308E+2	3.000000E+0
9.000396E+2	4.000000E+0
9.000483E+2	4.000000E+0
9.000571E+2	2.000000E+0
9.000659E+2	-4.000000E+0
9.000746E+2	-1.000000E+0
9.000834E+2	0.000000E+0
9.000922E+2	6.000000E+0
9.001010E+2	9.000000E+0
9.001097E+2	4.000000E+0
9.001185E+2	6.000000E+0
9.001273E+2	2.000000E+0
9.001360E+2	0.000000E+0
9.001448E+2	3.000000E+0
9.001536E+2	6.000000E+0
9.001623E+2	1.000000E+1
9.001711E+2	-1.000000E+0
9.001799E+2	-4.000000E+0
9.001886E+2	9.000000E+0
9.001974E+2	2.000000E+0
9.002062E+2	2.000000E+0
9.002149E+2	9.000000E+0
9.002237E+2	1.100000E+1
9.002325E+2	-4.000000E+0
9.002412E+2	-6.000000E+0
9.002500E+2	-5.000000E+0
9.002588E+2	2.000000E+0
9.002675E+2	-2.000000E+0
9.002763E+2	3.000000E+0
9.002851E+2	3.000000E+0
9.002938E+2	-4.000000E+0
9.003026E+2	-1.000000E+1
9.003114E+2	1.200000E+1
9.003201E+2	0.000000E+0
9.003289E+2	-3.000000E+0
9.003377E+2	2.000000E+0
9.003464E+2	-7.000000E+0
9.003552E+2	1.000000E+0
9.003640E+2	9.000000E+0
9.003727E+2	4.000000E+0
9.003815E+2	5.000000E+0
9.003903E+2	3.000000E+0
9.003990E+2	-1.000000E+0
9.004078E+2	4.000000E+0
9.004166E+2	1.000000E+0
9.004254E+2	1.000000E+0
9.004341E+2	0.000000E+0
9.004429E+2	1.000000E+0
9.004517E+2	4.000000E+0
9.004604E+2	1.000000E+0
9.004692E+2	5.000000E+0
9.004780E+2	-6.000000E+0
9.004868E+2	1.000000E+0
9.004955E+2	-3.000000E+0
9.005043E+2	3.000000E+0
9.005131E+2	-6.000000E+0
9.005218E+2	-4.000000E+0
9.005306E+2	-2.000000E+0
9.005393E+2	-1.200000E+1
9.005481E+2	2.000000E+0
9.005569E+2	-5.000000E+0
9.005656E+2	-2.000000E+0
9.005744E+2	-6.000000E+0
9.005831E+2	-4.000000E+0
9.005919E+2	-1.000000E+0
9.006007E+2	1.000000E+0
9.006094E+2	-3.000000E+0
9.006182E+2	-4.000000E+0
9.006270E+2	-5.000000E+0
9.006357E+2	1.000000E+0
9.006445E+2	2.000000E+0
9.006533E+2	4.000000E+0
9.006620E+2	-3.000000E+0
9.006708E+2	7.000000E+0
9.006796E+2	0.000000E+0
9.006884E+2	0.000000E+0
9.006971E+2	7.000000E+0
9.007059E+2	-5.000000E+0
9.007146E+2	-7.000000E+0
9.007234E+2	1.000000E+0
9.007322E+2	3.000000E+0
9.007409E+2	2.000000E+0
9.007497E+2	1.000000E+0
9.007584E+2	-7.000000E+0
9.007672E+2	-7.000000E+0
9.007760E+2	8.000000E+0
9.007847E+2	5.000000E+0
9.007935E+2	-7.000000E+0
9.008022E+2	-8.000000E+0
9.008110E+2	1.000000E+1
9.008198E+2	-1.000000E+0
9.008286E+2	8.000000E+0
9.008373E+2	-7.000000E+0
9.008461E+2	-4.000000E+0
9.008549E+2	8.000000E+0
9.008636E+2	1.000000E+1
9.008724E+2	1.100000E+1
9.008811E+2	1.000000E+1
9.008899E+2	-6.000000E+0
9.008986E+2	0.000000E+0
9.009074E+2	1.000000E+1
9.009162E+2	2.000000E+0
9.009249E+2	5.000000E+0
9.009337E+2	5.000000E+0
9.009424E+2	1.000000E+0
9.009512E+2	7.000000E+0
9.009600E+2	1.000000E+0
9.009687E+2	-3.000000E+0
9.009775E+2	-2.000000E+0
9.009863E+2	-3.000000E+0
9.009950E+2	2.000000E+0
9.010038E+2	9.000000E+0
9.010125E+2	-6.000000E+0
9.010213E+2	-1.000000E+0
9.010300E+2	-2.000000E+0
9.010388E+2	0.000000E+0
9.010476E+2	-4.000000E+0
9.010563E+2	3.000000E+0
9.010651E+2	3.000000E+0
9.010739E+2	-6.000000E+0
9.010826E+2	9.000000E+0
9.010914E+2	-4.000000E+0
9.011002E+2	8.000000E+0
9.011089E+2	3.000000E+0
9.011177E+2	-3.000000E+0
9.011264E+2	-3.000000E+0
9.011352E+2	6.000000E+0
9.011439E+2	-2.000000E+0
9.011527E+2	6.000000E+0
9.011614E+2	3.000000E+0
9.011702E+2	-3.000000E+0
9.011790E+2	-5.000000E+0
9.011877E+2	-4.000000E+0
9.011965E+2	-1.000000E+0
9.012053E+2	-3.000000E+0
9.012140E+2	-8.000000E+0
9.012228E+2	-3.000000E+0
9.012315E+2	3.000000E+0
9.012403E+2	1.000000E+0
9.012490E+2	-6.000000E+0
9.012578E+2	-3.000000E+0
9.012665E+2	-8.000000E+0
9.012753E+2	2.000000E+0
9.012841E+2	-4.000000E+0
9.012928E+2	-3.000000E+0
9.013016E+2	8.000000E+0
9.013104E+2	4.000000E+0
9.013191E+2	-1.000000E+0
9.013279E+2	-4.000000E+0
9.013366E+2	-5.000000E+0
9.013453E+2	-6.000000E+0
9.013541E+2	8.000000E+0
9.013629E+2	3.000000E+0
9.013716E+2	2.000000E+0
9.013804E+2	5.000000E+0
9.013892E+2	4.000000E+0
9.013979E+2	-8.000000E+0
9.014067E+2	1.000000E+0
9.014154E+2	0.000000E+0
9.014242E+2	-1.100000E+1
9.014329E+2	-1.200000E+1
9.014417E+2	-1.400000E+1
9.014504E+2	7.000000E+0
9.014592E+2	1.000000E+0
9.014680E+2	-2.000000E+0
9.014767E+2	4.000000E+0
9.014855E+2	5.000000E+0
9.014942E+2	-8.000000E+0
9.015030E+2	-1.000000E+0
9.015117E+2	8.000000E+0
9.015205E+2	0.000000E+0
9.015292E+2	4.000000E+0
9.015380E+2	-3.000000E+0
9.015468E+2	1.000000E+0
9.015555E+2	-2.000000E+0
9.015643E+2	-5.000000E+0
9.015730E+2	7.000000E+0
9.015818E+2	1.000000E+0
9.015905E+2	-9.000000E+0
9.015992E+2	-1.000000E+0
9.016080E+2	0.000000E+0
9.016168E+2	0.000000E+0
9.016255E+2	-1.000000E+0
9.016343E+2	-3.000000E+0
9.016430E+2	2.000000E+0
9.016518E+2	-2.000000E+0
9.016605E+2	2.000000E+0
9.016693E+2	3.000000E+0
9.016780E+2	-2.000000E+0
9.016868E+2	-1.000000E+0
9.016956E+2	-2.000000E+0
9.017043E+2	-1.000000E+0
9.017131E+2	-5.000000E+0
9.017218E+2	3.000000E+0
9.017306E+2	-6.000000E+0
9.017393E+2	-6.000000E+0
9.017480E+2	7.000000E+0
9.017568E+2	-2.000000E+0
9.017656E+2	-2.000000E+0
9.017744E+2	6.000000E+0
9.017831E+2	-6.000000E+0
9.017918E+2	-1.000000E+0
9.018006E+2	-1.000000E+1
9.018093E+2	2.000000E+0
9.018181E+2	-5.000000E+0
9.018268E+2	-9.000000E+0
9.018356E+2	7.000000E+0
9.018444E+2	-1.000000E+0
9.018531E+2	5.000000E+0
9.018618E+2	-1.200000E+1
9.018706E+2	-4.000000E+0
9.018793E+2	-2.000000E+0
9.018881E+2	4.000000E+0
9.018969E+2	-6.000000E+0
9.019056E+2	-1.000000E+0
9.019144E+2	-1.000000E+0
9.019231E+2	0.000000E+0
9.019318E+2	2.000000E+0
9.019406E+2	-3.000000E+0
9.019493E+2	5.000000E+0
9.019581E+2	6.000000E+0
9.019669E+2	4.000000E+0
9.019756E+2	4.000000E+0
9.019843E+2	0.000000E+0
9.019931E+2	1.000000E+0
9.020018E+2	-6.000000E+0
9.020106E+2	2.000000E+0
9.020193E+2	0.000000E+0
9.020281E+2	3.000000E+0
9.020368E+2	-3.000000E+0
9.020456E+2	-1.100000E+1
9.020543E+2	0.000000E+0
9.020631E+2	2.000000E+0
9.020718E+2	-1.000000E+0
9.020806E+2	3.000000E+0
9.020894E+2	5.000000E+0
9.020981E+2	-3.000000E+0
9.021068E+2	1.000000E+0
9.021156E+2	-5.000000E+0
9.021243E+2	-1.000000E+0
9.021331E+2	-5.000000E+0
9.021418E+2	1.000000E+0
9.021506E+2	-2.000000E+0
9.021593E+2	0.000000E+0
9.021680E+2	1.000000E+0
9.021768E+2	-3.000000E+0
9.021855E+2	-3.000000E+0
9.021943E+2	-6.000000E+0
9.022031E+2	3.000000E+0
9.022118E+2	-2.000000E+0
9.022205E+2	-1.000000E+0
9.022293E+2	2.000000E+0
9.022380E+2	2.000000E+0
9.022468E+2	0.000000E+0
9.022556E+2	7.000000E+0
9.022643E+2	-6.000000E+0
9.022730E+2	0.000000E+0
9.022817E+2	-7.000000E+0
9.022905E+2	-1.000000E+0
9.022993E+2	-2.000000E+0
9.023080E+2	1.000000E+0
9.023168E+2	-4.000000E+0
9.023255E+2	-3.000000E+0
9.023342E+2	-3.000000E+0
9.023430E+2	5.000000E+0
9.023517E+2	5.000000E+0
9.023605E+2	5.000000E+0
9.023692E+2	-3.000000E+0
9.023780E+2	4.000000E+0
9.023867E+2	4.000000E+0
9.023954E+2	0.000000E+0
9.024042E+2	-9.000000E+0
9.024130E+2	3.000000E+0
9.024217E+2	5.000000E+0
9.024304E+2	-1.000000E+1
9.024391E+2	-2.000000E+0
9.024479E+2	5.000000E+0
9.024567E+2	5.000000E+0
9.024654E+2	-1.000000E+1
9.024742E+2	-4.000000E+0
9.024829E+2	0.000000E+0
9.024916E+2	-6.000000E+0
9.025004E+2	-5.000000E+0
9.025092E+2	-3.000000E+0
9.025179E+2	5.000000E+0
9.025266E+2	-3.000000E+0
9.025353E+2	-2.000000E+0
9.025441E+2	-2.000000E+0
9.025529E+2	-4.000000E+0
9.025616E+2	-8.000000E+0
9.025703E+2	1.000000E+0
9.025791E+2	-1.000000E+0
9.025878E+2	4.000000E+0
9.025966E+2	-1.100000E+1
9.026053E+2	-8.000000E+0
9.026141E+2	-1.100000E+1
9.026228E+2	-6.000000E+0
9.026315E+2	3.000000E+0
9.026403E+2	-5.000000E+0
9.026490E+2	1.000000E+0
9.026578E+2	1.100000E+1
9.026665E+2	0.000000E+0
9.026752E+2	1.300000E+1
9.026840E+2	-3.000000E+0
9.026927E+2	0.000000E+0
9.027015E+2	-5.000000E+0
9.027102E+2	7.000000E+0
9.027189E+2	3.000000E+0
9.027277E+2	-3.000000E+0
9.027365E+2	0.000000E+0
9.027452E+2	-1.200000E+1
9.027539E+2	1.000000E+0
9.027626E+2	1.000000E+0
9.027714E+2	8.000000E+0
9.027802E+2	1.000000E+1
9.027889E+2	-4.000000E+0
9.027976E+2	5.000000E+0
9.028063E+2	-7.000000E+0
9.028151E+2	-2.000000E+0
9.028239E+2	7.000000E+0
9.028326E+2	-1.000000E+0
9.028413E+2	0.000000E+0
9.028500E+2	-1.000000E+0
9.028588E+2	1.000000E+0
9.028676E+2	1.000000E+0
9.028763E+2	0.000000E+0
9.028850E+2	-1.000000E+0
9.028937E+2	9.000000E+0
9.029025E+2	2.000000E+0
9.029113E+2	-1.000000E+0
9.029200E+2	3.000000E+0
9.029287E+2	2.000000E+0
9.029374E+2	-1.000000E+0
9.029462E+2	3.000000E+0
9.029549E+2	3.000000E+0
9.029637E+2	-1.000000E+0
9.029724E+2	-8.000000E+0
9.029811E+2	-1.000000E+0
9.029899E+2	3.000000E+0
9.029986E+2	-5.000000E+0
