-1.984999999999999432e+01 8.040201005025124914e-01 9.997602974838550871e-01
-1.965000000000000568e+01 8.710217755443885324e-01 9.997396478040504464e-01
-1.944999999999998863e+01 1.172529313232830717e+00 9.997172192139410773e-01
-1.925000000000000000e+01 9.715242881072025938e-01 9.996928584655394578e-01
-1.905000000000001137e+01 1.239530988274706758e+00 9.996663991089864698e-01
-1.884999999999999432e+01 1.373534338358458839e+00 9.996376603552479256e-01
-1.865000000000000568e+01 8.710217755443885324e-01 9.996064458408364661e-01
-1.844999999999998863e+01 1.105527638190954676e+00 9.995725422861170273e-01
-1.825000000000000000e+01 8.040201005025124914e-01 9.995357180380294304e-01
-1.805000000000001137e+01 9.045226130653265528e-01 9.994957214872715046e-01
-1.784999999999999432e+01 8.375209380234505119e-01 9.994522793491259494e-01
-1.765000000000000568e+01 6.700167504187604095e-01 9.994050947961855558e-01
-1.744999999999998863e+01 1.306532663316582799e+00 9.993538454302195451e-01
-1.725000000000000000e+01 1.005025125628140614e+00 9.992981810793195585e-01
-1.705000000000001137e+01 1.273031825795644778e+00 9.992377214052785561e-01
-1.684999999999999432e+01 9.045226130653265528e-01 9.991720533048509267e-01
-1.665000000000000568e+01 1.005025125628140614e+00 9.991007280871387897e-01
-1.644999999999998863e+01 1.038525963149078635e+00 9.990232584078188038e-01
-1.625000000000000000e+01 1.507537688442210921e+00 9.989391149392610192e-01
-1.605000000000001137e+01 8.710217755443885324e-01 9.988477227537881920e-01
-1.584999999999999432e+01 8.375209380234505119e-01 9.987484573953632205e-01
-1.565000000000000568e+01 8.040201005025124914e-01 9.986406406128641722e-01
-1.544999999999998863e+01 1.105527638190954676e+00 9.985235357257928879e-01
-1.525000000000000000e+01 7.705192629815744709e-01 9.983963425907529388e-01
-1.505000000000001137e+01 4.690117252931322867e-01 9.982581921343041120e-01
-1.484999999999999432e+01 7.705192629815744709e-01 9.981081404148379743e-01
-1.465000000000000568e+01 1.172529313232830717e+00 9.979451621729016342e-01
-1.444999999999998863e+01 8.710217755443885324e-01 9.977681438258998448e-01
-1.425000000000000000e+01 9.715242881072025938e-01 9.975758758593115116e-01
-1.405000000000001137e+01 1.005025125628140614e+00 9.973670445624311931e-01
-1.384999999999999432e+01 7.705192629815744709e-01 9.971402230521683174e-01
-1.365000000000000568e+01 7.705192629815744709e-01 9.968938615235732881e-01
-1.344999999999998863e+01 6.030150753768843686e-01 9.966262766604738754e-01
-1.325000000000000000e+01 9.045226130653265528e-01 9.963356401338689938e-01
-1.305000000000001137e+01 1.206030150753768737e+00 9.960199661094920609e-01
-1.284999999999999432e+01 6.365159128978223890e-01 9.956770976791869954e-01
-1.265000000000000568e+01 8.375209380234505119e-01 9.953046921233864586e-01
-1.244999999999998863e+01 1.340033500837520819e+00 9.949002049039954443e-01
-1.225000000000000000e+01 1.239530988274706758e+00 9.944608722783073729e-01
-1.205000000000001137e+01 9.380234505862645733e-01 9.939836924151596032e-01
-1.184999999999999432e+01 9.380234505862645733e-01 9.934654048843005736e-01
-1.165000000000000568e+01 1.105527638190954676e+00 9.929024683788244543e-01
-1.144999999999998863e+01 1.105527638190954676e+00 9.922910365184584025e-01
-1.125000000000000000e+01 1.306532663316582799e+00 9.916269315683726715e-01
-1.105000000000001137e+01 1.172529313232830717e+00 9.909056158939419934e-01
-1.084999999999999432e+01 1.072026800670016655e+00 9.901221609564168080e-01
-1.065000000000000568e+01 1.373534338358458839e+00 9.892712136376624610e-01
-1.044999999999998863e+01 1.340033500837520819e+00 9.883469596638693178e-01
-1.025000000000000000e+01 8.375209380234505119e-01 9.873430838783240349e-01
-1.005000000000001137e+01 1.072026800670016655e+00 9.862527270917922362e-01
-9.849999999999994316e+00 1.005025125628140614e+00 9.850684392156878744e-01
-9.650000000000005684e+00 9.045226130653265528e-01 9.837821283578001008e-01
-9.449999999999988631e+00 1.139028475711892696e+00 9.823850055327628672e-01
-9.250000000000000000e+00 1.038525963149078635e+00 9.808675246094928912e-01
-9.050000000000011369e+00 1.206030150753768737e+00 9.792193170852709905e-01
-8.849999999999994316e+00 9.045226130653265528e-01 9.774291212407999474e-01
-8.650000000000005684e+00 8.040201005025124914e-01 9.754847051921755607e-01
-8.449999999999988631e+00 8.710217755443885324e-01 9.733727833140046748e-01
-8.250000000000000000e+00 9.045226130653265528e-01 9.710789254626197575e-01
-8.050000000000011369e+00 1.541038525963148942e+00 9.685874583791317383e-01
-7.849999999999994316e+00 9.715242881072025938e-01 9.658813585986432138e-01
-7.650000000000005684e+00 6.700167504187604095e-01 9.629421361338990071e-01
-7.449999999999988631e+00 9.045226130653265528e-01 9.597497081386165974e-01
-7.250000000000000000e+00 1.072026800670016655e+00 9.562822616872821424e-01
-7.050000000000011369e+00 9.045226130653265528e-01 9.525161047338157605e-01
-6.849999999999994316e+00 1.306532663316582799e+00 9.484255042307605521e-01
-6.650000000000005684e+00 1.239530988274706758e+00 9.439825103029081399e-01
-6.449999999999988631e+00 9.045226130653265528e-01 9.391567652739825078e-01
-6.250000000000000000e+00 9.380234505862645733e-01 9.339152962415344650e-01
-6.050000000000011369e+00 8.375209380234505119e-01 9.282222897827507868e-01
-5.849999999999994316e+00 7.705192629815744709e-01 9.220388472518274980e-01
-5.650000000000005684e+00 7.035175879396984300e-01 9.153227189969179722e-01
-5.449999999999988631e+00 7.370184254606364505e-01 9.080280156806289638e-01
-5.250000000000000000e+00 7.705192629815744709e-01 9.001048947316264703e-01
-5.050000000000011369e+00 1.105527638190954676e+00 8.914992197849355149e-01
-4.849999999999994316e+00 8.375209380234505119e-01 8.821521907840166321e-01
-4.650000000000005684e+00 8.710217755443885324e-01 8.719999422172043380e-01
-4.449999999999988631e+00 1.005025125628140614e+00 8.609731067433615825e-01
-4.250000000000000000e+00 6.030150753768843686e-01 8.489963412251644304e-01
-4.050000000000011369e+00 8.710217755443885324e-01 8.359878119315006240e-01
-3.849999999999994316e+00 7.035175879396984300e-01 8.218586353915554588e-01
-3.650000000000005684e+00 6.365159128978223890e-01 8.065122710800942674e-01
-3.449999999999988631e+00 6.365159128978223890e-01 7.898438617843129839e-01
-3.250000000000000000e+00 6.365159128978223890e-01 7.717395171452305913e-01
-3.050000000000011369e+00 7.035175879396984300e-01 7.520755354782051594e-01
-2.849999999999994316e+00 9.045226130653265528e-01 7.307175585555584219e-01
-2.650000000000005684e+00 7.370184254606364505e-01 7.075196535761654193e-01
-2.449999999999988631e+00 5.695142378559463481e-01 6.823233160493423766e-01
-2.250000000000000000e+00 6.030150753768843686e-01 6.549563867801106998e-01
-2.050000000000011369e+00 6.700167504187604095e-01 6.252318755558158303e-01
-1.849999999999994316e+00 6.030150753768843686e-01 5.929466834971565126e-01
-1.650000000000005684e+00 7.370184254606364505e-01 5.578802153859181434e-01
-1.449999999999988631e+00 7.705192629815744709e-01 5.197928755113840893e-01
-1.250000000000000000e+00 4.020100502512562457e-01 4.784245746503827945e-01
-1.050000000000011369e+00 4.020100502512562457e-01 4.334971951184650729e-01
-8.499999999999943157e-01 4.020100502512562457e-01 3.847912603253623720e-01
-6.500000000000056843e-01 2.345058626465661433e-01 3.330426682151552686e-01
-4.499999999999886313e-01 3.015075376884421843e-01 2.860506007729076705e-01
-2.500000000000000000e-01 5.025125628140703071e-01 2.812236651514867791e-01
-5.000000000001136868e-02 5.025125628140703071e-01 4.173868193543399663e-01
1.500000000000056843e-01 8.040201005025124914e-01 8.108760945288004951e-01
3.499999999999943157e-01 1.340033500837520819e+00 1.419850008591291290e+00
5.500000000000113687e-01 2.110552763819095290e+00 1.978147982444252939e+00
7.500000000000000000e-01 2.043551088777219249e+00 2.249962125941247670e+00
9.499999999999886313e-01 2.311557788944723413e+00 2.248321368507953721e+00
1.150000000000005684e+00 2.378559463986599454e+00 2.120785444699168742e+00
1.349999999999994316e+00 2.110552763819095290e+00 1.971903252779541038e+00
1.550000000000011369e+00 1.809045226130653106e+00 1.836408455499409564e+00
1.750000000000000000e+00 1.574539363484086962e+00 1.719032217806431007e+00
1.949999999999988631e+00 1.306532663316582799e+00 1.618068228520003426e+00
2.150000000000005684e+00 1.608040201005024983e+00 1.531278298171340646e+00
2.349999999999994316e+00 1.038525963149078635e+00 1.456675426780406735e+00
2.550000000000011369e+00 1.273031825795644778e+00 1.392548397176772035e+00
2.750000000000000000e+00 1.340033500837520819e+00 1.337426178589935066e+00
2.949999999999988631e+00 1.239530988274706758e+00 1.290044302349934169e+00
3.150000000000005684e+00 1.474036850921272901e+00 1.249315858292944004e+00
3.349999999999994316e+00 1.474036850921272901e+00 1.214306561765710724e+00
3.550000000000011369e+00 1.206030150753768737e+00 1.184213321728917911e+00
3.750000000000000000e+00 1.574539363484086962e+00 1.158345818358568202e+00
3.949999999999988631e+00 1.105527638190954676e+00 1.136110667547387765e+00
4.150000000000005684e+00 1.139028475711892696e+00 1.116997809050084278e+00
4.349999999999994316e+00 1.105527638190954676e+00 1.100568806025101321e+00
4.550000000000011369e+00 1.139028475711892696e+00 1.086446787571762052e+00
4.750000000000000000e+00 1.072026800670016655e+00 1.074307803551056484e+00
4.949999999999988631e+00 1.306532663316582799e+00 1.063873393375071474e+00
5.150000000000005684e+00 9.380234505862645733e-01 1.054904198297872187e+00
5.349999999999994316e+00 1.105527638190954676e+00 1.047194470677811573e+00
5.550000000000011369e+00 7.705192629815744709e-01 1.040567354257226018e+00
5.750000000000000000e+00 8.710217755443885324e-01 1.034870827192157394e+00
5.949999999999988631e+00 8.040201005025124914e-01 1.029974214767745533e+00
6.150000000000005684e+00 1.273031825795644778e+00 1.025765191803221121e+00
6.349999999999994316e+00 9.715242881072025938e-01 1.022147205983562124e+00
6.550000000000011369e+00 1.105527638190954676e+00 1.019037263010671435e+00
6.750000000000000000e+00 1.139028475711892696e+00 1.016364022766866215e+00
6.949999999999988631e+00 1.340033500837520819e+00 1.014066162817859329e+00
7.150000000000005684e+00 1.005025125628140614e+00 1.012090971715044585e+00
7.349999999999994316e+00 1.072026800670016655e+00 1.010393139828325904e+00
7.550000000000011369e+00 1.105527638190954676e+00 1.008933719971963017e+00
7.750000000000000000e+00 1.206030150753768737e+00 1.007679233980854461e+00
7.949999999999988631e+00 9.715242881072025938e-01 1.006600904742680269e+00
8.150000000000005684e+00 9.045226130653265528e-01 1.005673996069213594e+00
8.349999999999994316e+00 9.045226130653265528e-01 1.004877245263863461e+00
8.550000000000011369e+00 9.380234505862645733e-01 1.004192375368912593e+00
8.750000000000000000e+00 9.045226130653265528e-01 1.003603675903709469e+00
8.949999999999988631e+00 1.038525963149078635e+00 1.003097642476213691e+00
9.150000000000005684e+00 1.172529313232830717e+00 1.002662667000816077e+00
9.349999999999994316e+00 1.005025125628140614e+00 1.002288771416222746e+00
9.550000000000011369e+00 1.005025125628140614e+00 1.001967378795062480e+00
9.750000000000000000e+00 1.306532663316582799e+00 1.001691116594617847e+00
9.949999999999988631e+00 7.035175879396984300e-01 1.001453647535375246e+00
1.015000000000000568e+01 1.105527638190954676e+00 1.001249524227854737e+00
1.034999999999999432e+01 8.375209380234505119e-01 1.001074064212954529e+00
1.055000000000001137e+01 1.105527638190954676e+00 1.000923242549310421e+00
1.075000000000000000e+01 1.172529313232830717e+00 1.000793599483696061e+00
1.094999999999998863e+01 8.710217755443885324e-01 1.000682161086480670e+00
1.115000000000000568e+01 9.715242881072025938e-01 1.000586371031570110e+00
1.134999999999999432e+01 1.072026800670016655e+00 1.000504031955909978e+00
1.155000000000001137e+01 8.040201005025124914e-01 1.000433255053371662e+00
1.175000000000000000e+01 9.380234505862645733e-01 1.000372416746738269e+00
1.194999999999998863e+01 1.139028475711892696e+00 1.000320121443874166e+00
1.215000000000000568e+01 7.370184254606364505e-01 1.000275169523727303e+00
1.234999999999999432e+01 1.005025125628140614e+00 1.000236529817783993e+00
1.255000000000001137e+01 1.105527638190954676e+00 1.000203315955717542e+00
1.275000000000000000e+01 8.710217755443885324e-01 1.000174766032615237e+00
1.294999999999998863e+01 8.710217755443885324e-01 1.000150225131364090e+00
1.315000000000000568e+01 1.172529313232830717e+00 1.000129130299267199e+00
1.334999999999999432e+01 8.375209380234505119e-01 1.000110997634267029e+00
1.355000000000001137e+01 8.375209380234505119e-01 1.000095411184538152e+00
1.375000000000000000e+01 1.005025125628140614e+00 1.000082013406818016e+00
1.394999999999998863e+01 8.040201005025124914e-01 1.000070496964590161e+00
1.415000000000000568e+01 1.038525963149078635e+00 1.000060597677980390e+00
1.434999999999999432e+01 1.139028475711892696e+00 1.000052088463637689e+00
1.455000000000001137e+01 7.705192629815744709e-01 1.000044774125586233e+00
1.475000000000000000e+01 1.005025125628140614e+00 1.000038486877554256e+00
1.494999999999998863e+01 1.005025125628140614e+00 1.000033082494062864e+00
1.515000000000000568e+01 8.710217755443885324e-01 1.000028437001985182e+00
1.534999999999999432e+01 8.710217755443885324e-01 1.000024443836682098e+00
1.555000000000001137e+01 9.715242881072025938e-01 1.000021011397476123e+00
1.575000000000000000e+01 1.005025125628140614e+00 1.000018060946390897e+00
1.594999999999998863e+01 5.360134003350083276e-01 1.000015524801951106e+00
1.615000000000000568e+01 1.005025125628140614e+00 1.000013344786613301e+00
1.634999999999999432e+01 9.045226130653265528e-01 1.000011470892209431e+00
1.655000000000001137e+01 7.035175879396984300e-01 1.000009860132791584e+00
1.675000000000000000e+01 1.172529313232830717e+00 1.000008475558560761e+00
1.694999999999998863e+01 7.705192629815744709e-01 1.000007285408263336e+00
1.715000000000000568e+01 1.172529313232830717e+00 1.000006262380606969e+00
1.734999999999999432e+01 9.045226130653265528e-01 1.000005383007986470e+00
1.755000000000001137e+01 1.306532663316582799e+00 1.000004627118152190e+00
1.775000000000000000e+01 1.239530988274706758e+00 1.000003977371471287e+00
1.794999999999998863e+01 7.370184254606364505e-01 1.000003418863167015e+00
1.815000000000000568e+01 7.705192629815744709e-01 1.000002938781413553e+00
1.834999999999999432e+01 9.715242881072025938e-01 1.000002526113440426e+00
1.855000000000001137e+01 8.375209380234505119e-01 1.000002171392905925e+00
1.875000000000000000e+01 1.005025125628140614e+00 1.000001866482746360e+00
1.894999999999998863e+01 6.030150753768843686e-01 1.000001604388516263e+00
1.915000000000000568e+01 9.715242881072025938e-01 1.000001379097940291e+00
1.934999999999999432e+01 6.365159128978223890e-01 1.000001185442995766e+00
1.955000000000001137e+01 1.440536013400334880e+00 1.000001018981360845e+00
1.975000000000000000e+01 1.005025125628140614e+00 1.000000875894511809e+00
1.994999999999998863e+01 1.038525963149078635e+00 1.000000752900126688e+00
