-1.994999999999998863e+01 1.151689649946961769e+00 9.999999203431302330e-01
-1.975000000000000000e+01 7.273829368086074387e-01 9.999999061808009237e-01
-1.954999999999998295e+01 1.363843006516138878e+00 9.999998895005272059e-01
-1.934999999999999432e+01 7.273829368086074387e-01 9.999998698546395115e-01
-1.914999999999997726e+01 1.121382027579936436e+00 9.999998467158762727e-01
-1.894999999999998863e+01 1.000151538111835103e+00 9.999998194632332416e-01
-1.875000000000000000e+01 8.789210486437339931e-01 9.999997873652968217e-01
-1.854999999999998295e+01 1.121382027579936436e+00 9.999997495606141040e-01
-1.834999999999999432e+01 9.395362933777845482e-01 9.999997050345731386e-01
-1.814999999999997726e+01 9.395362933777845482e-01 9.999996525921721613e-01
-1.794999999999998863e+01 9.395362933777845482e-01 9.999995908259482480e-01
-1.775000000000000000e+01 8.486134262767086600e-01 9.999995180782030868e-01
-1.754999999999998295e+01 9.395362933777845482e-01 9.999994323965135656e-01
-1.734999999999999432e+01 1.151689649946961769e+00 9.999993314813319101e-01
-1.714999999999997726e+01 8.789210486437339931e-01 9.999992126242698287e-01
-1.694999999999998863e+01 1.000151538111835103e+00 9.999990726354102133e-01
-1.675000000000000000e+01 9.698439157448098813e-01 9.999989077576948437e-01
-1.654999999999998295e+01 1.181997272313987102e+00 9.999987135660923787e-01
-1.634999999999999432e+01 1.151689649946961769e+00 9.999984848488371325e-01
-1.614999999999997726e+01 9.092286710107593262e-01 9.999982154675551849e-01
-1.594999999999998863e+01 9.395362933777845482e-01 9.999978981925204957e-01
-1.575000000000000000e+01 1.060766782845885770e+00 9.999975245086221154e-01
-1.554999999999998295e+01 1.091074405212911103e+00 9.999970843868327686e-01
-1.534999999999999432e+01 1.424458251250189544e+00 9.999965660150478275e-01
-1.514999999999997726e+01 1.121382027579936436e+00 9.999959554810685658e-01
-1.494999999999998863e+01 1.030459160478860436e+00 9.999952363992228310e-01
-1.475000000000000000e+01 9.395362933777845482e-01 9.999943894706023739e-01
-1.454999999999998295e+01 1.121382027579936436e+00 9.999933919651132763e-01
-1.434999999999999432e+01 1.091074405212911103e+00 9.999922171114401515e-01
-1.414999999999997726e+01 1.060766782845885770e+00 9.999908333785499925e-01
-1.394999999999998863e+01 7.576905591756327718e-01 9.999892036294542041e-01
-1.375000000000000000e+01 7.273829368086074387e-01 9.999872841245166510e-01
-1.354999999999998295e+01 9.092286710107593262e-01 9.999850233475572336e-01
-1.334999999999999432e+01 8.183058039096833269e-01 9.999823606232473017e-01
-1.314999999999997726e+01 1.272920139415062879e+00 9.999792244886890336e-01
-1.294999999999998863e+01 1.030459160478860436e+00 9.999755307754756295e-01
-1.275000000000000000e+01 1.242612517048037768e+00 9.999711803507571606e-01
-1.254999999999998295e+01 1.030459160478860436e+00 9.999660564566867915e-01
-1.234999999999999432e+01 8.486134262767086600e-01 9.999600215768434941e-01
-1.214999999999997726e+01 8.789210486437339931e-01 9.999529137455294148e-01
-1.194999999999998863e+01 8.789210486437339931e-01 9.999445422008919060e-01
-1.175000000000000000e+01 1.272920139415062879e+00 9.999346822652067646e-01
-1.154999999999998295e+01 6.970753144415821057e-01 9.999230693149182558e-01
-1.134999999999999432e+01 7.273829368086074387e-01 9.999093916786017111e-01
-1.114999999999997726e+01 9.698439157448098813e-01 9.998932822722442770e-01
-1.094999999999998863e+01 8.183058039096833269e-01 9.998743087473469515e-01
-1.075000000000000000e+01 1.181997272313987102e+00 9.998519618874414094e-01
-1.054999999999998295e+01 9.092286710107593262e-01 9.998256419416043927e-01
-1.034999999999999432e+01 1.121382027579936436e+00 9.997946425281836191e-01
-1.014999999999997726e+01 1.030459160478860436e+00 9.997581316767412130e-01
-9.949999999999988631e+00 6.970753144415821057e-01 9.997151294994108817e-01
-9.750000000000000000e+00 1.060766782845885770e+00 9.996644818924096398e-01
-9.549999999999982947e+00 9.395362933777845482e-01 9.996048295618947810e-01
-9.349999999999994316e+00 1.000151538111835103e+00 9.995345715428780586e-01
-9.149999999999977263e+00 7.879981815426579939e-01 9.994518222321042700e-01
-8.949999999999988631e+00 1.091074405212911103e+00 9.993543607817334529e-01
-8.750000000000000000e+00 1.000151538111835103e+00 9.992395714956411323e-01
-8.549999999999982947e+00 1.212304894681012435e+00 9.991043736286744359e-01
-8.349999999999994316e+00 1.091074405212911103e+00 9.989451387048016162e-01
-8.149999999999977263e+00 1.000151538111835103e+00 9.987575931351142522e-01
-7.949999999999988631e+00 6.970753144415821057e-01 9.985367035221204279e-01
-7.750000000000000000e+00 1.151689649946961769e+00 9.982765415720946667e-01
-7.549999999999982947e+00 8.183058039096833269e-01 9.979701249899664006e-01
-7.349999999999994316e+00 1.333535384149113545e+00 9.976092300866423734e-01
-7.149999999999977263e+00 9.698439157448098813e-01 9.971841710694681060e-01
-6.949999999999988631e+00 8.789210486437339931e-01 9.966835400923693689e-01
-6.750000000000000000e+00 1.091074405212911103e+00 9.960939010890680345e-01
-6.549999999999982947e+00 8.486134262767086600e-01 9.953994291723897714e-01
-6.349999999999994316e+00 1.121382027579936436e+00 9.945814859217664283e-01
-6.149999999999977263e+00 1.060766782845885770e+00 9.936181191603852270e-01
-5.949999999999988631e+00 8.183058039096833269e-01 9.924834737968757370e-01
-5.750000000000000000e+00 1.151689649946961769e+00 9.911470979195430298e-01
-5.549999999999982947e+00 6.667676920745567726e-01 9.895731255199262666e-01
-5.349999999999994316e+00 9.698439157448098813e-01 9.877193139113995546e-01
-5.149999999999977263e+00 1.091074405212911103e+00 9.855359100087986990e-01
-4.949999999999988631e+00 8.486134262767086600e-01 9.829643150419937747e-01
-4.750000000000000000e+00 9.698439157448098813e-01 9.799355118666310815e-01
-4.549999999999982947e+00 1.181997272313987102e+00 9.763682126637996950e-01
-4.349999999999994316e+00 7.879981815426579939e-01 9.721666773160976271e-01
-4.149999999999977263e+00 9.698439157448098813e-01 9.672181439090924426e-01
-3.949999999999988631e+00 8.486134262767086600e-01 9.613898023973083129e-01
-3.750000000000000000e+00 1.303227761782088212e+00 9.545252302131735922e-01
-3.549999999999982947e+00 7.273829368086074387e-01 9.464401941568735266e-01
-3.349999999999994316e+00 8.183058039096833269e-01 9.369177058971203120e-01
-3.149999999999977263e+00 6.061524473405062174e-01 9.257021983810459487e-01
-2.949999999999988631e+00 8.183058039096833269e-01 9.124926668582060696e-01
-2.750000000000000000e+00 7.576905591756327718e-01 8.969345904356420540e-01
-2.549999999999982947e+00 6.061524473405062174e-01 8.786104173526030348e-01
-2.349999999999994316e+00 7.576905591756327718e-01 8.570283586162099621e-01
-2.149999999999977263e+00 8.183058039096833269e-01 8.316091892387218465e-01
-1.949999999999988631e+00 9.092286710107593262e-01 8.016707028517157108e-01
-1.750000000000000000e+00 9.092286710107593262e-01 7.664094030448477257e-01
-1.549999999999982947e+00 6.667676920745567726e-01 7.248789680718752404e-01
-1.349999999999994316e+00 6.061524473405062174e-01 6.759657995956398491e-01
-1.149999999999977263e+00 7.273829368086074387e-01 6.183785861609361056e-01
-9.499999999999886313e-01 7.273829368086074387e-01 5.508630033953242355e-01
-7.500000000000000000e-01 6.364600697075314395e-01 4.741049553288810836e-01
-5.499999999999829470e-01 5.455372026064555513e-01 3.992928249378923100e-01
-3.499999999999943157e-01 4.546143355053796631e-01 3.659520335509687250e-01
-1.499999999999772626e-01 3.636914684043037194e-01 4.410646662504773552e-01
5.000000000001136868e-02 7.273829368086074387e-01 6.530932563716660422e-01
2.500000000000000000e-01 1.212304894681012435e+00 9.224994878347364535e-01
4.500000000000170530e-01 8.183058039096833269e-01 1.125852619546927391e+00
6.500000000000056843e-01 1.060766782845885770e+00 1.219691005319254229e+00
8.500000000000227374e-01 1.181997272313987102e+00 1.242698787813399486e+00
1.050000000000011369e+00 1.333535384149113545e+00 1.240125528926821596e+00
1.250000000000000000e+00 1.272920139415062879e+00 1.232122037101547996e+00
1.450000000000017053e+00 1.242612517048037768e+00 1.223636250024557448e+00
1.650000000000005684e+00 1.151689649946961769e+00 1.215393325664093860e+00
1.850000000000022737e+00 1.091074405212911103e+00 1.207450295694634690e+00
2.050000000000011369e+00 9.395362933777845482e-01 1.199800030575322252e+00
2.250000000000000000e+00 1.272920139415062879e+00 1.192431885021370208e+00
2.450000000000017053e+00 1.575996363085315988e+00 1.185335458929247743e+00
2.650000000000005684e+00 1.121382027579936436e+00 1.178500731999656548e+00
2.850000000000022737e+00 1.272920139415062879e+00 1.171918053396224346e+00
3.050000000000011369e+00 1.000151538111835103e+00 1.165578128181592454e+00
3.250000000000000000e+00 1.000151538111835103e+00 1.159472004193376593e+00
3.450000000000017053e+00 1.454765873617214877e+00 1.153591059403457075e+00
3.650000000000005684e+00 1.545688740718290877e+00 1.147926989743421000e+00
3.850000000000022737e+00 1.242612517048037768e+00 1.142471797378965981e+00
4.050000000000011369e+00 9.092286710107593262e-01 1.137217779416727526e+00
4.250000000000000000e+00 1.272920139415062879e+00 1.132157517027559290e+00
4.450000000000017053e+00 7.879981815426579939e-01 1.127283864970929583e+00
4.650000000000005684e+00 1.030459160478860436e+00 1.122589941505630851e+00
4.850000000000022737e+00 1.091074405212911103e+00 1.118069118672553319e+00
5.050000000000011369e+00 1.181997272313987102e+00 1.113715012935814208e+00
5.250000000000000000e+00 1.030459160478860436e+00 1.109521476169013088e+00
5.450000000000017053e+00 1.212304894681012435e+00 1.105482586973894898e+00
5.650000000000005684e+00 1.333535384149113545e+00 1.101592642319163984e+00
5.850000000000022737e+00 1.060766782845885770e+00 1.097846149487628598e+00
6.050000000000011369e+00 1.060766782845885770e+00 1.094237818320327849e+00
6.250000000000000000e+00 1.091074405212911103e+00 1.090762553746665198e+00
6.450000000000017053e+00 1.181997272313987102e+00 1.087415448590019817e+00
6.650000000000005684e+00 9.092286710107593262e-01 1.084191776638669058e+00
6.850000000000022737e+00 1.515381118351265544e+00 1.081086985972234071e+00
7.050000000000011369e+00 1.121382027579936436e+00 1.078096692534237677e+00
7.250000000000000000e+00 1.030459160478860436e+00 1.075216673941681522e+00
7.450000000000017053e+00 8.486134262767086600e-01 1.072442863522919732e+00
7.650000000000005684e+00 1.181997272313987102e+00 1.069771344575397798e+00
7.850000000000022737e+00 1.212304894681012435e+00 1.067198344835150081e+00
8.050000000000011369e+00 9.395362933777845482e-01 1.064720231150253715e+00
8.250000000000000000e+00 1.303227761782088212e+00 1.062333504350709168e+00
8.450000000000017053e+00 1.030459160478860436e+00 1.060034794307508133e+00
8.650000000000005684e+00 7.879981815426579939e-01 1.057820855173912777e+00
8.850000000000022737e+00 1.030459160478860436e+00 1.055688560802222398e+00
9.050000000000011369e+00 1.091074405212911103e+00 1.053634900329561974e+00
9.250000000000000000e+00 1.060766782845885770e+00 1.051656973926451855e+00
9.450000000000017053e+00 1.181997272313987102e+00 1.049751988702165129e+00
9.650000000000005684e+00 1.060766782845885770e+00 1.047917254761082440e+00
9.850000000000022737e+00 1.121382027579936436e+00 1.046150181404478019e+00
1.005000000000001137e+01 9.698439157448098813e-01 1.044448273472378785e+00
1.025000000000000000e+01 1.212304894681012435e+00 1.042809127820322423e+00
1.045000000000001705e+01 9.698439157448098813e-01 1.041230429926047307e+00
1.065000000000000568e+01 8.789210486437339931e-01 1.039709950621318324e+00
1.085000000000002274e+01 8.183058039096833269e-01 1.038245542944274069e+00
1.105000000000001137e+01 9.395362933777845482e-01 1.036835139107855186e+00
1.125000000000000000e+01 9.395362933777845482e-01 1.035476747580025725e+00
1.145000000000001705e+01 1.091074405212911103e+00 1.034168450271671480e+00
1.165000000000000568e+01 9.395362933777845482e-01 1.032908399828202484e+00
1.185000000000002274e+01 1.242612517048037768e+00 1.031694817021030941e+00
1.205000000000001137e+01 1.121382027579936436e+00 1.030525988235250878e+00
1.225000000000000000e+01 1.091074405212911103e+00 1.029400263049960573e+00
1.245000000000001705e+01 9.698439157448098813e-01 1.028316051907820050e+00
1.265000000000000568e+01 1.000151538111835103e+00 1.027271823870550049e+00
1.285000000000002274e+01 1.091074405212911103e+00 1.026266104457200123e+00
1.305000000000001137e+01 9.395362933777845482e-01 1.025297473562138961e+00
1.325000000000000000e+01 1.030459160478860436e+00 1.024364563449822407e+00
1.345000000000001705e+01 7.879981815426579939e-01 1.023466056823511217e+00
1.365000000000000568e+01 9.092286710107593262e-01 1.022600684965207840e+00
1.385000000000002274e+01 1.091074405212911103e+00 1.021767225944190116e+00
1.405000000000001137e+01 8.486134262767086600e-01 1.020964502891608117e+00
1.425000000000000000e+01 8.486134262767086600e-01 1.020191382338710762e+00
1.445000000000001705e+01 8.789210486437339931e-01 1.019446772616354080e+00
1.465000000000000568e+01 8.486134262767086600e-01 1.018729622313532257e+00
1.485000000000002274e+01 1.272920139415062879e+00 1.018038918792753877e+00
1.505000000000001137e+01 1.151689649946961769e+00 1.017373686760168594e+00
1.525000000000000000e+01 6.667676920745567726e-01 1.016732986888421841e+00
1.545000000000001705e+01 1.030459160478860436e+00 1.016115914490297811e+00
1.565000000000000568e+01 8.486134262767086600e-01 1.015521598241274193e+00
1.585000000000002274e+01 9.395362933777845482e-01 1.014949198949185671e+00
1.605000000000001137e+01 1.151689649946961769e+00 1.014397908369260026e+00
1.625000000000000000e+01 1.000151538111835103e+00 1.013866948062852380e+00
1.645000000000001705e+01 9.395362933777845482e-01 1.013355568298267340e+00
1.665000000000000568e+01 1.303227761782088212e+00 1.012863046992114713e+00
1.685000000000002274e+01 1.181997272313987102e+00 1.012388688689706884e+00
1.705000000000001137e+01 8.789210486437339931e-01 1.011931823583055889e+00
1.725000000000000000e+01 8.486134262767086600e-01 1.011491806565085083e+00
1.745000000000001705e+01 1.000151538111835103e+00 1.011068016318718232e+00
1.765000000000000568e+01 7.879981815426579939e-01 1.010659854439562633e+00
1.785000000000002274e+01 9.395362933777845482e-01 1.010266744590942123e+00
1.805000000000001137e+01 1.091074405212911103e+00 1.009888131690095170e+00
1.825000000000000000e+01 1.424458251250189544e+00 1.009523481124379840e+00
1.845000000000001705e+01 1.091074405212911103e+00 1.009172277996384981e+00
1.865000000000000568e+01 8.183058039096833269e-01 1.008834026396880912e+00
1.885000000000002274e+01 9.395362933777845482e-01 1.008508248704579779e+00
1.905000000000001137e+01 1.060766782845885770e+00 1.008194484911720812e+00
1.925000000000000000e+01 7.879981815426579939e-01 1.007892291974525456e+00
1.945000000000001705e+01 9.092286710107593262e-01 1.007601243187605800e+00
1.965000000000000568e+01 1.000151538111835103e+00 1.007320927581445646e+00
1.985000000000002274e+01 1.424458251250189544e+00 1.007050949342097157e+00
