-1.994999999999998863e+01 1.074626865671641784e+00 9.999999999999942268e-01
-1.975000000000000000e+01 9.154228855721393554e-01 9.999999999999918954e-01
-1.954999999999998295e+01 1.154228855721393110e+00 9.999999999999887867e-01
-1.934999999999999432e+01 8.358208955223880299e-01 9.999999999999844569e-01
-1.914999999999997726e+01 1.034825870646766122e+00 9.999999999999783507e-01
-1.894999999999998863e+01 1.273631840796019876e+00 9.999999999999699130e-01
-1.875000000000000000e+01 1.034825870646766122e+00 9.999999999999581446e-01
-1.854999999999998295e+01 1.034825870646766122e+00 9.999999999999419353e-01
-1.834999999999999432e+01 8.358208955223880299e-01 9.999999999999192868e-01
-1.814999999999997726e+01 1.313432835820895539e+00 9.999999999998877565e-01
-1.794999999999998863e+01 9.950248756218905699e-01 9.999999999998441247e-01
-1.775000000000000000e+01 1.233830845771144213e+00 9.999999999997833955e-01
-1.754999999999998295e+01 9.950248756218905699e-01 9.999999999996990185e-01
-1.734999999999999432e+01 9.552238805970149071e-01 9.999999999995817790e-01
-1.714999999999997726e+01 1.233830845771144213e+00 9.999999999994187982e-01
-1.694999999999998863e+01 6.368159203980099381e-01 9.999999999991924238e-01
-1.675000000000000000e+01 1.154228855721393110e+00 9.999999999988778976e-01
-1.654999999999998295e+01 9.950248756218905699e-01 9.999999999984408028e-01
-1.634999999999999432e+01 8.756218905472636926e-01 9.999999999978335108e-01
-1.614999999999997726e+01 1.194029850746268551e+00 9.999999999969896303e-01
-1.594999999999998863e+01 8.358208955223880299e-01 9.999999999958170127e-01
-1.575000000000000000e+01 9.552238805970149071e-01 9.999999999941876494e-01
-1.554999999999998295e+01 1.432835820895522305e+00 9.999999999919235716e-01
-1.534999999999999432e+01 1.114427860696517447e+00 9.999999999887777546e-01
-1.514999999999997726e+01 1.313432835820895539e+00 9.999999999844064735e-01
-1.494999999999998863e+01 1.034825870646766122e+00 9.999999999783325544e-01
-1.475000000000000000e+01 7.164179104477611526e-01 9.999999999698926390e-01
-1.454999999999998295e+01 9.950248756218905699e-01 9.999999999581653531e-01
-1.434999999999999432e+01 1.074626865671641784e+00 9.999999999418700547e-01
-1.414999999999997726e+01 8.756218905472636926e-01 9.999999999192276112e-01
-1.394999999999998863e+01 1.034825870646766122e+00 9.999999998877654450e-01
-1.375000000000000000e+01 1.114427860696517447e+00 9.999999998440481930e-01
-1.354999999999998295e+01 8.358208955223880299e-01 9.999999997833024512e-01
-1.334999999999999432e+01 7.164179104477611526e-01 9.999999996988953033e-01
-1.314999999999997726e+01 1.154228855721393110e+00 9.999999995816101217e-01
-1.294999999999998863e+01 9.950248756218905699e-01 9.999999994186404839e-01
-1.275000000000000000e+01 8.358208955223880299e-01 9.999999991921916243e-01
-1.254999999999998295e+01 9.950248756218905699e-01 9.999999988775372106e-01
-1.234999999999999432e+01 8.756218905472636926e-01 9.999999984403197262e-01
-1.214999999999997726e+01 1.194029850746268551e+00 9.999999978327991368e-01
-1.194999999999998863e+01 7.960199004975124781e-01 9.999999969886392837e-01
-1.175000000000000000e+01 1.034825870646766122e+00 9.999999958156656765e-01
-1.154999999999998295e+01 1.432835820895522305e+00 9.999999941857998786e-01
-1.134999999999999432e+01 1.154228855721393110e+00 9.999999919210749155e-01
-1.114999999999997726e+01 1.194029850746268551e+00 9.999999887742030413e-01
-1.094999999999998863e+01 9.154228855721393554e-01 9.999999844015737827e-01
-1.075000000000000000e+01 8.756218905472636926e-01 9.999999783257347286e-01
-1.054999999999998295e+01 6.766169154228856009e-01 9.999999698832581219e-01
-1.034999999999999432e+01 6.766169154228856009e-01 9.999999581523004721e-01
-1.014999999999997726e+01 1.074626865671641784e+00 9.999999418519454064e-01
-9.949999999999988631e+00 1.034825870646766122e+00 9.999999192023385497e-01
-9.750000000000000000e+00 8.756218905472636926e-01 9.999998877303438727e-01
-9.549999999999982947e+00 1.313432835820895539e+00 9.999998439994988164e-01
-9.349999999999994316e+00 9.950248756218905699e-01 9.999997832347828908e-01
-9.149999999999977263e+00 9.950248756218905699e-01 9.999996988012281873e-01
-8.949999999999988631e+00 1.154228855721393110e+00 9.999995814794397919e-01
-8.750000000000000000e+00 1.034825870646766122e+00 9.999994184589191537e-01
-8.549999999999982947e+00 9.552238805970149071e-01 9.999991919392714479e-01
-8.349999999999994316e+00 7.960199004975124781e-01 9.999988771865608861e-01
-8.149999999999977263e+00 1.114427860696517447e+00 9.999984398325837409e-01
-7.949999999999988631e+00 9.154228855721393554e-01 9.999978321221656419e-01
-7.750000000000000000e+00 8.756218905472636926e-01 9.999969876987202522e-01
-7.549999999999982947e+00 5.970149253731342753e-01 9.999958143586985537e-01
-7.349999999999994316e+00 1.194029850746268551e+00 9.999941839837792612e-01
-7.149999999999977263e+00 1.074626865671641784e+00 9.999919185514851705e-01
-6.949999999999988631e+00 1.114427860696517447e+00 9.999887706967072187e-01
-6.750000000000000000e+00 9.154228855721393554e-01 9.999843967016297519e-01
-6.549999999999982947e+00 1.393034825870646864e+00 9.999783189647937220e-01
-6.349999999999994316e+00 7.562189054726368154e-01 9.999698738512550200e-01
-6.149999999999977263e+00 8.358208955223880299e-01 9.999581392295354698e-01
-5.949999999999988631e+00 8.756218905472636926e-01 9.999418337830461301e-01
-5.750000000000000000e+00 1.154228855721393110e+00 9.999191771016828767e-01
-5.549999999999982947e+00 7.960199004975124781e-01 9.998876952768382953e-01
-5.349999999999994316e+00 1.194029850746268551e+00 9.998439507725279674e-01
-5.149999999999977263e+00 1.074626865671641784e+00 9.997831670769578016e-01
-4.949999999999988631e+00 1.233830845771144213e+00 9.996987071498095734e-01
-4.750000000000000000e+00 9.154228855721393554e-01 9.995813487163194289e-01
-4.549999999999982947e+00 9.552238805970149071e-01 9.994182772766871947e-01
-4.349999999999994316e+00 1.233830845771144213e+00 9.991916868763822679e-01
-4.149999999999977263e+00 1.313432835820895539e+00 9.988768358538724357e-01
-3.949999999999988631e+00 9.154228855721393554e-01 9.984393452706786798e-01
-3.750000000000000000e+00 8.756218905472636926e-01 9.978314450362838484e-01
-3.549999999999982947e+00 9.552238805970149071e-01 9.969867578380369189e-01
-3.349999999999994316e+00 7.960199004975124781e-01 9.958130513274735529e-01
-3.149999999999977263e+00 1.313432835820895539e+00 9.941821671660965309e-01
-2.949999999999988631e+00 9.154228855721393554e-01 9.919160272717599813e-01
-2.750000000000000000e+00 1.034825870646766122e+00 9.887671892719060995e-01
-2.549999999999982947e+00 1.353233830845771202e+00 9.843918279916491487e-01
-2.349999999999994316e+00 1.154228855721393110e+00 9.783121927949022245e-01
-2.149999999999977263e+00 9.552238805970149071e-01 9.698644414532541225e-01
-1.949999999999988631e+00 8.756218905472636926e-01 9.581261544652736051e-01
-1.750000000000000000e+00 9.950248756218905699e-01 9.418156151457280911e-01
-1.549999999999982947e+00 5.970149253731342753e-01 9.191518636720962254e-01
-1.349999999999994316e+00 9.950248756218905699e-01 8.876604425090125483e-01
-1.149999999999977263e+00 1.034825870646766122e+00 8.439078474549976949e-01
-9.499999999999886313e-01 6.368159203980099381e-01 7.831918868842732140e-01
-7.500000000000000000e-01 7.164179104477611526e-01 6.996049817756629929e-01
-5.499999999999829470e-01 5.174129353233830608e-01 5.884907141756735571e-01
-3.499999999999943157e-01 3.184079601990049690e-01 4.553484735299095365e-01
-1.499999999999772626e-01 5.174129353233830608e-01 3.287689929153257418e-01
5.000000000001136868e-02 3.184079601990049690e-01 2.559828246963606335e-01
2.500000000000000000e-01 3.184079601990049690e-01 2.670285962996005180e-01
4.500000000000170530e-01 3.184079601990049690e-01 3.463723976647111180e-01
6.500000000000056843e-01 4.776119402985074536e-01 4.524350459141532887e-01
8.500000000000227374e-01 3.980099502487562391e-01 5.538580637314900468e-01
1.050000000000011369e+00 8.358208955223880299e-01 6.395263038779956943e-01
1.250000000000000000e+00 7.960199004975124781e-01 7.092289449184802086e-01
1.450000000000017053e+00 7.562189054726368154e-01 7.655042820338389120e-01
1.650000000000005684e+00 5.174129353233830608e-01 8.108916441826702348e-01
1.850000000000022737e+00 7.164179104477611526e-01 8.474942976802237737e-01
2.050000000000011369e+00 9.950248756218905699e-01 8.770123705218849652e-01
2.250000000000000000e+00 6.766169154228856009e-01 9.008171054477105422e-01
2.450000000000017053e+00 7.164179104477611526e-01 9.200143411708439078e-01
2.650000000000005684e+00 1.074626865671641784e+00 9.354958771145700513e-01
2.850000000000022737e+00 9.154228855721393554e-01 9.479809014500253372e-01
3.050000000000011369e+00 1.194029850746268551e+00 9.580494006753903502e-01
3.250000000000000000e+00 1.353233830845771202e+00 9.661691026421140860e-01
3.450000000000017053e+00 9.552238805970149071e-01 9.727172046534182659e-01
3.650000000000005684e+00 8.756218905472636926e-01 9.779978960046716852e-01
3.850000000000022737e+00 1.233830845771144213e+00 9.822564889678035982e-01
4.050000000000011369e+00 7.562189054726368154e-01 9.856908146686094163e-01
4.250000000000000000e+00 9.950248756218905699e-01 9.884604132476062510e-01
4.450000000000017053e+00 1.512437810945273631e+00 9.906939452294398762e-01
4.650000000000005684e+00 9.950248756218905699e-01 9.924951683928626700e-01
4.850000000000022737e+00 9.950248756218905699e-01 9.939477577942413822e-01
5.050000000000011369e+00 5.970149253731342753e-01 9.951191928567283407e-01
5.250000000000000000e+00 1.472636815920397968e+00 9.960638920981804700e-01
5.450000000000017053e+00 1.472636815920397968e+00 9.968257411202728902e-01
5.650000000000005684e+00 9.154228855721393554e-01 9.974401312954686016e-01
5.850000000000022737e+00 1.194029850746268551e+00 9.979356038581822519e-01
6.050000000000011369e+00 1.233830845771144213e+00 9.983351757756919742e-01
6.250000000000000000e+00 1.034825870646766122e+00 9.986574089915696284e-01
6.450000000000017053e+00 1.194029850746268551e+00 9.989172727128792229e-01
6.650000000000005684e+00 7.164179104477611526e-01 9.991268387983273103e-01
6.850000000000022737e+00 8.358208955223880299e-01 9.992958425513280840e-01
7.050000000000011369e+00 1.154228855721393110e+00 9.994321349693844336e-01
7.250000000000000000e+00 9.950248756218905699e-01 9.995420474588400106e-01
7.450000000000017053e+00 1.194029850746268551e+00 9.996306859576693515e-01
7.650000000000005684e+00 1.273631840796019876e+00 9.997021681296556217e-01
7.850000000000022737e+00 1.154228855721393110e+00 9.997598146487118864e-01
8.050000000000011369e+00 1.034825870646766122e+00 9.998063034593757115e-01
8.250000000000000000e+00 6.766169154228856009e-01 9.998437941795841333e-01
8.450000000000017053e+00 1.472636815920397968e+00 9.998740284248074373e-01
8.650000000000005684e+00 5.970149253731342753e-01 9.998984107140550526e-01
8.850000000000022737e+00 1.313432835820895539e+00 9.999180737162091104e-01
9.050000000000011369e+00 9.154228855721393554e-01 9.999339308676761240e-01
9.250000000000000000e+00 1.194029850746268551e+00 9.999467188056867517e-01
9.450000000000017053e+00 9.950248756218905699e-01 9.999570315884650507e-01
9.650000000000005684e+00 1.074626865671641784e+00 9.999653482919511616e-01
9.850000000000022737e+00 1.154228855721393110e+00 9.999720552650701588e-01
1.005000000000001137e+01 1.034825870646766122e+00 9.999774640774070633e-01
1.025000000000000000e+01 9.950248756218905699e-01 9.999818259930398634e-01
1.045000000000001705e+01 1.114427860696517447e+00 9.999853436429050335e-01
1.065000000000000568e+01 9.154228855721393554e-01 9.999881804379316952e-01
1.085000000000002274e+01 7.960199004975124781e-01 9.999904681602268530e-01
1.105000000000001137e+01 1.194029850746268551e+00 9.999923130849573960e-01
1.125000000000000000e+01 1.194029850746268551e+00 9.999938009173171549e-01
1.145000000000001705e+01 1.114427860696517447e+00 9.999950007739262237e-01
1.165000000000000568e+01 1.154228855721393110e+00 9.999959683936131549e-01
1.185000000000002274e+01 1.273631840796019876e+00 9.999967487267391597e-01
1.205000000000001137e+01 1.353233830845771202e+00 9.999973780233478715e-01
1.225000000000000000e+01 8.358208955223880299e-01 9.999978855171458569e-01
1.245000000000001705e+01 1.273631840796019876e+00 9.999982947835417413e-01
1.265000000000000568e+01 8.756218905472636926e-01 9.999986248348318174e-01
1.285000000000002274e+01 1.114427860696517447e+00 9.999988910034087741e-01
1.305000000000001137e+01 1.194029850746268551e+00 9.999991056540203926e-01
1.325000000000000000e+01 1.353233830845771202e+00 9.999992787581696296e-01
1.345000000000001705e+01 1.074626865671641784e+00 9.999994183573364115e-01
1.365000000000000568e+01 1.233830845771144213e+00 9.999995309365403706e-01
1.385000000000002274e+01 1.472636815920397968e+00 9.999996217256007514e-01
1.405000000000001137e+01 9.950248756218905699e-01 9.999996949420847381e-01
1.425000000000000000e+01 9.154228855721393554e-01 9.999997539872329533e-01
1.445000000000001705e+01 9.552238805970149071e-01 9.999998016039626236e-01
1.465000000000000568e+01 9.552238805970149071e-01 9.999998400042887647e-01
1.485000000000002274e+01 9.950248756218905699e-01 9.999998709720820944e-01
1.505000000000001137e+01 7.960199004975124781e-01 9.999998959459384107e-01
1.525000000000000000e+01 1.194029850746268551e+00 9.999999160860074676e-01
1.545000000000001705e+01 1.273631840796019876e+00 9.999999323278877528e-01
1.565000000000000568e+01 1.273631840796019876e+00 9.999999454260887211e-01
1.585000000000002274e+01 9.950248756218905699e-01 9.999999559890819789e-01
1.605000000000001137e+01 8.358208955223880299e-01 9.999999645075665633e-01
1.625000000000000000e+01 7.960199004975124781e-01 9.999999713772653731e-01
1.645000000000001705e+01 1.313432835820895539e+00 9.999999769173072428e-01
1.665000000000000568e+01 1.233830845771144213e+00 9.999999813850523056e-01
1.685000000000002274e+01 1.393034825870646864e+00 9.999999849880479852e-01
1.705000000000001137e+01 1.313432835820895539e+00 9.999999878936698394e-01
1.725000000000000000e+01 9.950248756218905699e-01 9.999999902368972293e-01
1.745000000000001705e+01 9.950248756218905699e-01 9.999999921265837477e-01
1.765000000000000568e+01 8.358208955223880299e-01 9.999999936505141740e-01
1.785000000000002274e+01 1.233830845771144213e+00 9.999999948794818794e-01
1.805000000000001137e+01 9.154228855721393554e-01 9.999999958705780845e-01
1.825000000000000000e+01 1.313432835820895539e+00 9.999999966698438492e-01
1.845000000000001705e+01 8.358208955223880299e-01 9.999999973144084731e-01
1.865000000000000568e+01 1.233830845771144213e+00 9.999999978342152263e-01
1.885000000000002274e+01 9.950248756218905699e-01 9.999999982534113485e-01
1.905000000000001137e+01 1.034825870646766122e+00 9.999999985914703737e-01
1.925000000000000000e+01 9.154228855721393554e-01 9.999999988640967397e-01
1.945000000000001705e+01 9.950248756218905699e-01 9.999999990839552044e-01
1.965000000000000568e+01 5.970149253731342753e-01 9.999999992612592647e-01
1.985000000000002274e+01 8.756218905472636926e-01 9.999999994042454432e-01
