-1.994999999999993179e+01 8.365867261572783598e-01 9.993683567339108897e-01
-1.975000000000000000e+01 8.923591745677635911e-01 9.993190671748850562e-01
-1.954999999999995453e+01 1.059676519799219285e+00 9.992659313615581684e-01
-1.934999999999990905e+01 1.115448968209704406e+00 9.992086491558798134e-01
-1.914999999999997726e+01 1.450083658672615794e+00 9.991468969988704929e-01
-1.894999999999993179e+01 1.115448968209704406e+00 9.990803260829963506e-01
-1.875000000000000000e+01 7.808142777467931284e-01 9.990085603819269799e-01
-1.854999999999995453e+01 7.250418293363078970e-01 9.989311945265477721e-01
-1.834999999999990905e+01 9.481316229782487115e-01 9.988477915152292885e-01
-1.814999999999997726e+01 8.923591745677635911e-01 9.987578802454206706e-01
-1.794999999999993179e+01 1.338538761851645331e+00 9.986609528526225743e-01
-1.775000000000000000e+01 1.059676519799219285e+00 9.985564618417113181e-01
-1.754999999999995453e+01 8.923591745677635911e-01 9.984438169944076513e-01
-1.734999999999990905e+01 9.481316229782487115e-01 9.983223820354251155e-01
-1.714999999999997726e+01 1.226993865030674868e+00 9.981914710384637290e-01
-1.694999999999993179e+01 1.338538761851645331e+00 9.980503445517500127e-01
-1.675000000000000000e+01 9.481316229782487115e-01 9.978982054212380826e-01
-1.654999999999995453e+01 1.505856107083100914e+00 9.977341942878787950e-01
-1.634999999999990905e+01 1.338538761851645331e+00 9.975573847335236222e-01
-1.614999999999997726e+01 8.923591745677635911e-01 9.973667780480447442e-01
-1.594999999999993179e+01 8.923591745677635911e-01 9.971612975881126717e-01
-1.575000000000000000e+01 1.505856107083100914e+00 9.969397826957688835e-01
-1.554999999999995453e+01 1.338538761851645331e+00 9.967009821424397398e-01
-1.534999999999990905e+01 8.923591745677635911e-01 9.964435470613626222e-01
-1.514999999999997726e+01 9.481316229782487115e-01 9.961660233285017929e-01
-1.494999999999993179e+01 8.923591745677635911e-01 9.958668433489169525e-01
-1.475000000000000000e+01 1.059676519799219285e+00 9.955443172021921638e-01
-1.454999999999995453e+01 9.481316229782487115e-01 9.951966230969059302e-01
-1.434999999999990905e+01 1.003904071388733943e+00 9.948217970802299970e-01
-1.414999999999997726e+01 1.226993865030674868e+00 9.944177219445259341e-01
-1.394999999999993179e+01 1.115448968209704406e+00 9.939821152682805083e-01
-1.375000000000000000e+01 1.282766313441159989e+00 9.935125165238325451e-01
-1.354999999999995453e+01 1.226993865030674868e+00 9.930062731790605390e-01
-1.334999999999990905e+01 1.226993865030674868e+00 9.924605257145375781e-01
-1.314999999999997726e+01 8.365867261572783598e-01 9.918721914715119548e-01
-1.294999999999993179e+01 1.115448968209704406e+00 9.912379472394852176e-01
-1.275000000000000000e+01 1.505856107083100914e+00 9.905542104850343366e-01
-1.254999999999995453e+01 1.561628555493586257e+00 9.898171191158410265e-01
-1.234999999999990905e+01 8.923591745677635911e-01 9.890225096656360959e-01
-1.214999999999997726e+01 5.577244841048522028e-01 9.881658937768277307e-01
-1.194999999999993179e+01 6.134969325153374342e-01 9.872424328479770805e-01
-1.175000000000000000e+01 6.692693809258226656e-01 9.862469107029243620e-01
-1.154999999999995453e+01 1.059676519799219285e+00 9.851737041271734219e-01
-1.134999999999990905e+01 1.450083658672615794e+00 9.840167511051254312e-01
-1.114999999999997726e+01 8.923591745677635911e-01 9.827695165787357912e-01
-1.094999999999993179e+01 8.923591745677635911e-01 9.814249555341855169e-01
-1.075000000000000000e+01 1.505856107083100914e+00 9.799754732080724340e-01
-1.054999999999995453e+01 9.481316229782487115e-01 9.784128821883247840e-01
-1.034999999999990905e+01 1.282766313441159989e+00 9.767283561675473846e-01
-1.014999999999997726e+01 1.003904071388733943e+00 9.749123800875536539e-01
-9.949999999999931788e+00 1.003904071388733943e+00 9.729546963934833093e-01
-9.750000000000000000e+00 9.481316229782487115e-01 9.708442470939322444e-01
-9.549999999999954525e+00 1.059676519799219285e+00 9.685691112997935059e-01
-9.349999999999909051e+00 7.250418293363078970e-01 9.661164378890326754e-01
-9.149999999999977263e+00 1.059676519799219285e+00 9.634723729170218132e-01
-8.949999999999931788e+00 7.808142777467931284e-01 9.606219813624228276e-01
-8.750000000000000000e+00 1.115448968209704406e+00 9.575491627666146144e-01
-8.549999999999954525e+00 1.115448968209704406e+00 9.542365602901157207e-01
-8.349999999999909051e+00 7.808142777467931284e-01 9.506654626723556323e-01
-8.149999999999977263e+00 1.115448968209704406e+00 9.468156985409698079e-01
-7.949999999999931788e+00 1.226993865030674868e+00 9.426655224736415484e-01
-7.750000000000000000e+00 7.250418293363078970e-01 9.381914921689318287e-01
-7.549999999999954525e+00 7.250418293363078970e-01 9.333683360322403422e-01
-7.349999999999909051e+00 1.226993865030674868e+00 9.281688104290267693e-01
-7.149999999999977263e+00 8.923591745677635911e-01 9.225635457989245225e-01
-6.949999999999931788e+00 1.226993865030674868e+00 9.165208807615425890e-01
-6.750000000000000000e+00 1.003904071388733943e+00 9.100066832769376779e-01
-6.549999999999954525e+00 8.923591745677635911e-01 9.029841578504966826e-01
-6.349999999999909051e+00 4.461795872838817956e-01 8.954136376933271579e-01
-6.149999999999977263e+00 9.481316229782487115e-01 8.872523606640860816e-01
-5.949999999999931788e+00 1.003904071388733943e+00 8.784542277266791377e-01
-5.750000000000000000e+00 3.904071388733965642e-01 8.689695425595354017e-01
-5.549999999999954525e+00 1.059676519799219285e+00 8.587447308455110617e-01
-5.349999999999909051e+00 8.365867261572783598e-01 8.477220376569849503e-01
-5.149999999999977263e+00 1.003904071388733943e+00 8.358392012266906423e-01
-4.949999999999931788e+00 8.923591745677635911e-01 8.230291012616227642e-01
-4.750000000000000000e+00 5.577244841048522028e-01 8.092193798135949301e-01
-4.549999999999954525e+00 7.250418293363078970e-01 7.943320325647531543e-01
-4.349999999999909051e+00 1.059676519799219285e+00 7.782829682196412691e-01
-4.149999999999977263e+00 8.923591745677635911e-01 7.609815335148496507e-01
-3.949999999999931788e+00 1.171221416620189748e+00 7.423300011633281459e-01
-3.750000000000000000e+00 3.346346904629113328e-01 7.222230178411235268e-01
-3.549999999999954525e+00 6.692693809258226656e-01 7.005470090982335307e-01
-3.349999999999909051e+00 6.692693809258226656e-01 6.771795378325303760e-01
-3.149999999999977263e+00 5.577244841048522028e-01 6.519886127028179379e-01
-2.949999999999931788e+00 8.365867261572783598e-01 6.248319425746773348e-01
-2.750000000000000000e+00 5.577244841048522028e-01 5.955561327880034561e-01
-2.549999999999954525e+00 2.788622420524261014e-01 5.639958187059663786e-01
-2.349999999999909051e+00 5.577244841048522028e-01 5.299727316521590792e-01
-2.149999999999977263e+00 2.230897936419408978e-01 4.932946919977829747e-01
-1.949999999999931788e+00 4.461795872838817956e-01 4.537545258103623524e-01
-1.750000000000000000e+00 3.346346904629113328e-01 4.111289725662372607e-01
-1.549999999999954525e+00 3.346346904629113328e-01 3.651792160779165908e-01
-1.349999999999909051e+00 1.673173452314556664e-01 3.156757789256585678e-01
-1.149999999999977263e+00 2.788622420524261014e-01 2.626380805424874954e-01
-9.499999999999317879e-01 1.673173452314556664e-01 2.076746119540191504e-01
-7.500000000000000000e-01 2.230897936419408978e-01 1.581642436023137366e-01
-5.499999999999545253e-01 5.577244841048522445e-02 1.327097797131285839e-01
-3.499999999999090505e-01 2.230897936419408978e-01 1.567183276162077421e-01
-1.499999999999772626e-01 2.788622420524261014e-01 2.414000104532013080e-01
5.000000000006821210e-02 1.115448968209704489e-01 3.689013565712915277e-01
2.500000000000000000e-01 3.346346904629113328e-01 5.068540147585187672e-01
4.500000000000454747e-01 8.365867261572783598e-01 6.323959115250278318e-01
6.500000000000909495e-01 6.692693809258226656e-01 7.381719545656962866e-01
8.500000000000227374e-01 1.003904071388733943e+00 8.250851511781960301e-01
1.050000000000068212e+00 8.365867261572783598e-01 8.960655060691876672e-01
1.250000000000000000e+00 1.115448968209704406e+00 9.539270629007315927e-01
1.450000000000045475e+00 8.365867261572783598e-01 1.001026232599713461e+00
1.650000000000090949e+00 1.003904071388733943e+00 1.039299647370516277e+00
1.850000000000022737e+00 1.059676519799219285e+00 1.070336181901991202e+00
2.050000000000068212e+00 1.226993865030674868e+00 1.095439259966332290e+00
2.250000000000000000e+00 7.808142777467931284e-01 1.115678127718954471e+00
2.450000000000045475e+00 1.226993865030674868e+00 1.131929921336003009e+00
2.650000000000090949e+00 1.394311210262130452e+00 1.144914177760996576e+00
2.850000000000022737e+00 1.059676519799219285e+00 1.155221145973000407e+00
3.050000000000068212e+00 1.171221416620189748e+00 1.163335012443210692e+00
3.250000000000000000e+00 1.059676519799219285e+00 1.169652954390213218e+00
3.450000000000045475e+00 1.450083658672615794e+00 1.174500770324264698e+00
3.650000000000090949e+00 1.171221416620189748e+00 1.178145702732981803e+00
3.850000000000022737e+00 1.282766313441159989e+00 1.180806957309555427e+00
4.050000000000068212e+00 1.115448968209704406e+00 1.182664332514342442e+00
4.250000000000000000e+00 1.338538761851645331e+00 1.183865298927739174e+00
4.450000000000045475e+00 1.282766313441159989e+00 1.184530806872383879e+00
4.650000000000090949e+00 1.115448968209704406e+00 1.184760050757147853e+00
4.850000000000022737e+00 1.226993865030674868e+00 1.184634377556450513e+00
5.050000000000068212e+00 1.003904071388733943e+00 1.184220493171609601e+00
5.250000000000000000e+00 9.481316229782487115e-01 1.183573092802048476e+00
5.450000000000045475e+00 1.003904071388733943e+00 1.182737018796693240e+00
5.650000000000090949e+00 1.505856107083100914e+00 1.181749030868586514e+00
5.850000000000022737e+00 1.003904071388733943e+00 1.180639258307435435e+00
6.050000000000068212e+00 9.481316229782487115e-01 1.179432391315697437e+00
6.250000000000000000e+00 1.450083658672615794e+00 1.178148658331830134e+00
6.450000000000045475e+00 1.450083658672615794e+00 1.176804627785773327e+00
6.650000000000090949e+00 1.115448968209704406e+00 1.175413865825523763e+00
6.850000000000022737e+00 1.115448968209704406e+00 1.173987475888027321e+00
7.050000000000068212e+00 7.808142777467931284e-01 1.172534541339782077e+00
7.250000000000000000e+00 1.784718349135527182e+00 1.171062488599650564e+00
7.450000000000045475e+00 1.115448968209704406e+00 1.169577385028383709e+00
7.650000000000090949e+00 8.923591745677635911e-01 1.168084183303335744e+00
7.850000000000022737e+00 1.115448968209704406e+00 1.166586921891734185e+00
8.050000000000068212e+00 1.171221416620189748e+00 1.165088889508933523e+00
8.250000000000000000e+00 8.923591745677635911e-01 1.163592760031393114e+00
8.450000000000045475e+00 9.481316229782487115e-01 1.162100703171857985e+00
8.650000000000090949e+00 1.226993865030674868e+00 1.160614475270845825e+00
8.850000000000022737e+00 1.115448968209704406e+00 1.159135493776324299e+00
9.050000000000068212e+00 8.923591745677635911e-01 1.157664898341848048e+00
9.250000000000000000e+00 9.481316229782487115e-01 1.156203600947023125e+00
9.450000000000045475e+00 1.617401003904071377e+00 1.154752327012325441e+00
9.650000000000090949e+00 1.059676519799219285e+00 1.153311649126074201e+00
9.850000000000022737e+00 8.923591745677635911e-01 1.151882014710711166e+00
1.005000000000006821e+01 1.282766313441159989e+00 1.150463768717144841e+00
1.025000000000000000e+01 1.505856107083100914e+00 1.149057172240341540e+00
1.045000000000004547e+01 1.115448968209704406e+00 1.147662417788867240e+00
1.065000000000009095e+01 1.171221416620189748e+00 1.146279641809500038e+00
1.085000000000002274e+01 1.338538761851645331e+00 1.144908934960011004e+00
1.105000000000006821e+01 9.481316229782487115e-01 1.143550350534654259e+00
1.125000000000000000e+01 1.115448968209704406e+00 1.142203911374237268e+00
1.145000000000004547e+01 8.365867261572783598e-01 1.140869615533001813e+00
1.165000000000009095e+01 1.226993865030674868e+00 1.139547440925674060e+00
1.185000000000002274e+01 1.171221416620189748e+00 1.138237349137894094e+00
1.205000000000006821e+01 1.226993865030674868e+00 1.136939288550326443e+00
1.225000000000000000e+01 1.728945900725041840e+00 1.135653196899780282e+00
1.245000000000004547e+01 9.481316229782487115e-01 1.134379003378457762e+00
1.265000000000009095e+01 1.059676519799219285e+00 1.133116630354352061e+00
1.285000000000002274e+01 1.450083658672615794e+00 1.131865994780842488e+00
1.305000000000006821e+01 9.481316229782487115e-01 1.130627009351343748e+00
1.325000000000000000e+01 1.394311210262130452e+00 1.129399583444833599e+00
1.345000000000004547e+01 1.226993865030674868e+00 1.128183623899819965e+00
1.365000000000009095e+01 1.115448968209704406e+00 1.126979035647607486e+00
1.385000000000002274e+01 1.338538761851645331e+00 1.125785722230132624e+00
1.405000000000006821e+01 1.450083658672615794e+00 1.124603586223130947e+00
1.425000000000000000e+01 1.115448968209704406e+00 1.123432529581659622e+00
1.445000000000004547e+01 1.003904071388733943e+00 1.122272453921926649e+00
1.465000000000009095e+01 1.003904071388733943e+00 1.121123260750899409e+00
1.485000000000002274e+01 9.481316229782487115e-01 1.119984851653075264e+00
1.505000000000006821e+01 9.481316229782487115e-01 1.118857128442129811e+00
1.525000000000000000e+01 1.505856107083100914e+00 1.117739993283772382e+00
1.545000000000004547e+01 1.394311210262130452e+00 1.116633348794981773e+00
1.565000000000009095e+01 1.171221416620189748e+00 1.115537098123896120e+00
1.585000000000002274e+01 6.134969325153374342e-01 1.114451145013833688e+00
1.605000000000006821e+01 8.365867261572783598e-01 1.113375393854314499e+00
1.625000000000000000e+01 1.059676519799219285e+00 1.112309749721436258e+00
1.645000000000004547e+01 6.692693809258226656e-01 1.111254118409519931e+00
1.665000000000009095e+01 1.003904071388733943e+00 1.110208406455620578e+00
1.685000000000002274e+01 7.808142777467931284e-01 1.109172521158187985e+00
1.705000000000006821e+01 1.338538761851645331e+00 1.108146370590944008e+00
1.725000000000000000e+01 1.282766313441159989e+00 1.107129863612856813e+00
1.745000000000004547e+01 9.481316229782487115e-01 1.106122909874914351e+00
1.765000000000009095e+01 1.561628555493586257e+00 1.105125419824296351e+00
1.785000000000002274e+01 1.003904071388733943e+00 1.104137304706417355e+00
1.805000000000006821e+01 1.059676519799219285e+00 1.103158476565238688e+00
1.825000000000000000e+01 1.338538761851645331e+00 1.102188848242177777e+00
1.845000000000004547e+01 8.923591745677635911e-01 1.101228333373869273e+00
1.865000000000009095e+01 8.923591745677635911e-01 1.100276846389008689e+00
1.885000000000002274e+01 1.282766313441159989e+00 1.099334302504446637e+00
1.905000000000006821e+01 1.003904071388733943e+00 1.098400617720683758e+00
1.925000000000000000e+01 1.171221416620189748e+00 1.097475708816888718e+00
1.945000000000004547e+01 1.450083658672615794e+00 1.096559493345532710e+00
1.965000000000009095e+01 1.171221416620189748e+00 1.095651889626725106e+00
1.985000000000002274e+01 7.808142777467931284e-01 1.094752816742313950e+00
