-1.994999999999998863e+01 8.539709649871904951e-01 9.999999957007531526e-01
-1.975000000000000000e+01 8.539709649871904951e-01 9.999999947487137053e-01
-1.954999999999998295e+01 1.093082835183603718e+00 9.999999935858515654e-01
-1.934999999999999432e+01 1.434671221178480005e+00 9.999999921654812995e-01
-1.915000000000000568e+01 9.222886421861656858e-01 9.999999904305796328e-01
-1.894999999999998863e+01 9.906063193851409876e-01 9.999999883114956134e-01
-1.875000000000000000e+01 1.024765157984628638e+00 9.999999857231546274e-01
-1.854999999999998295e+01 8.539709649871904951e-01 9.999999825616429083e-01
-1.834999999999999432e+01 8.881298035866781460e-01 9.999999787000355411e-01
-1.815000000000000568e+01 6.148590947907771609e-01 9.999999739833010937e-01
-1.794999999999998863e+01 6.831767719897523516e-01 9.999999682220773733e-01
-1.775000000000000000e+01 9.564474807856533367e-01 9.999999611850693970e-01
-1.754999999999998295e+01 8.881298035866781460e-01 9.999999525897630415e-01
-1.734999999999999432e+01 1.195559350982066560e+00 9.999999420910836712e-01
-1.715000000000000568e+01 8.881298035866781460e-01 9.999999292675422202e-01
-1.694999999999998863e+01 1.093082835183603718e+00 9.999999136043132841e-01
-1.675000000000000000e+01 1.263877028181041862e+00 9.999998944725673189e-01
-1.654999999999998295e+01 9.564474807856533367e-01 9.999998711042243915e-01
-1.634999999999999432e+01 6.831767719897523516e-01 9.999998425611184016e-01
-1.615000000000000568e+01 1.161400512382579020e+00 9.999998076973329875e-01
-1.594999999999998863e+01 1.332194705380017163e+00 9.999997651131957710e-01
-1.575000000000000000e+01 1.332194705380017163e+00 9.999997130990866401e-01
-1.554999999999998295e+01 1.024765157984628638e+00 9.999996495668016516e-01
-1.534999999999999432e+01 7.856532877882151933e-01 9.999995719657177595e-01
-1.515000000000000568e+01 1.093082835183603718e+00 9.999994771803937255e-01
-1.494999999999998863e+01 6.831767719897523516e-01 9.999993614054948354e-01
-1.475000000000000000e+01 8.198121263877028442e-01 9.999992199930202164e-01
-1.454999999999998295e+01 5.123825789923143192e-01 9.999990472657005469e-01
-1.434999999999999432e+01 9.906063193851409876e-01 9.999988362890731564e-01
-1.415000000000000568e+01 1.127241673783091480e+00 9.999985785930851634e-01
-1.394999999999998863e+01 1.093082835183603718e+00 9.999982638320471517e-01
-1.375000000000000000e+01 8.198121263877028442e-01 9.999978793692863022e-01
-1.354999999999998295e+01 7.856532877882151933e-01 9.999974097698227649e-01
-1.334999999999999432e+01 9.222886421861656858e-01 9.999968361807044515e-01
-1.315000000000000568e+01 9.222886421861656858e-01 9.999961355741188163e-01
-1.294999999999998863e+01 1.093082835183603718e+00 9.999952798228988193e-01
-1.275000000000000000e+01 1.195559350982066560e+00 9.999942345713045411e-01
-1.254999999999998295e+01 1.161400512382579020e+00 9.999929578557479326e-01
-1.234999999999999432e+01 1.058923996584116178e+00 9.999913984200852202e-01
-1.215000000000000568e+01 5.807002561912895100e-01 9.999894936578431759e-01
-1.194999999999998863e+01 8.539709649871904951e-01 9.999871670987643402e-01
-1.175000000000000000e+01 1.093082835183603718e+00 9.999843253387652453e-01
-1.154999999999998295e+01 8.539709649871904951e-01 9.999808542900540109e-01
-1.134999999999999432e+01 1.024765157984628638e+00 9.999766146008615131e-01
-1.115000000000000568e+01 7.856532877882151933e-01 9.999714360609028851e-01
-1.094999999999998863e+01 9.222886421861656858e-01 9.999651107679663475e-01
-1.075000000000000000e+01 7.514944491887276534e-01 9.999573847812879279e-01
-1.054999999999998295e+01 8.539709649871904951e-01 9.999479479266233373e-01
-1.034999999999999432e+01 1.127241673783091480e+00 9.999364213437195170e-01
-1.015000000000000568e+01 9.222886421861656858e-01 9.999223422762588687e-01
-9.949999999999988631e+00 7.173356105892400025e-01 9.999051454936380701e-01
-9.750000000000000000e+00 8.198121263877028442e-01 9.998841405987231035e-01
-9.549999999999982947e+00 1.400512382578992465e+00 9.998584843105605691e-01
-9.349999999999994316e+00 1.024765157984628638e+00 9.998271466092798487e-01
-9.150000000000005684e+00 1.298035866780529624e+00 9.997888693840111252e-01
-8.949999999999988631e+00 9.222886421861656858e-01 9.997421159236613564e-01
-8.750000000000000000e+00 8.881298035866781460e-01 9.996850092227623774e-01
-8.549999999999982947e+00 8.198121263877028442e-01 9.996152566255602778e-01
-8.349999999999994316e+00 9.564474807856533367e-01 9.995300577830456001e-01
-8.150000000000005684e+00 7.514944491887276534e-01 9.994259922276825803e-01
-7.949999999999988631e+00 1.195559350982066560e+00 9.992988820523167615e-01
-7.750000000000000000e+00 8.881298035866781460e-01 9.991436241802458262e-01
-7.549999999999982947e+00 1.229718189581554322e+00 9.989539854926221540e-01
-7.349999999999994316e+00 8.881298035866781460e-01 9.987223525881908648e-01
-7.150000000000005684e+00 1.263877028181041862e+00 9.984394261289982753e-01
-6.949999999999988631e+00 9.564474807856533367e-01 9.980938475010058264e-01
-6.750000000000000000e+00 1.093082835183603718e+00 9.976717428011984135e-01
-6.549999999999982947e+00 7.514944491887276534e-01 9.971561658436918218e-01
-6.349999999999994316e+00 1.366353543979504703e+00 9.965264178232767778e-01
-6.150000000000005684e+00 8.539709649871904951e-01 9.957572163230107298e-01
-5.949999999999988631e+00 1.195559350982066560e+00 9.948176803041093308e-01
-5.750000000000000000e+00 9.564474807856533367e-01 9.936700903286510567e-01
-5.549999999999982947e+00 9.906063193851409876e-01 9.922683742419038389e-01
-5.349999999999994316e+00 1.024765157984628638e+00 9.905562575191509955e-01
-5.150000000000005684e+00 7.856532877882151933e-01 9.884650040192125564e-01
-4.949999999999988631e+00 1.093082835183603718e+00 9.859106564429714892e-01
-4.750000000000000000e+00 8.881298035866781460e-01 9.827906657099307886e-01
-4.549999999999982947e+00 1.058923996584116178e+00 9.789797739327877890e-01
-4.349999999999994316e+00 1.161400512382579020e+00 9.743249857043181361e-01
-4.150000000000005684e+00 9.222886421861656858e-01 9.686394258094249698e-01
-3.949999999999988631e+00 1.058923996584116178e+00 9.616948367686792842e-01
-3.750000000000000000e+00 1.058923996584116178e+00 9.532124150131453533e-01
-3.549999999999982947e+00 9.906063193851409876e-01 9.428516177915077234e-01
-3.349999999999994316e+00 9.906063193851409876e-01 9.301964914417911734e-01
-3.150000000000005684e+00 6.831767719897523516e-01 9.147389721504335380e-01
-2.949999999999988631e+00 7.856532877882151933e-01 8.958584887763528792e-01
-2.750000000000000000e+00 9.906063193851409876e-01 8.727970488572844854e-01
-2.549999999999982947e+00 7.514944491887276534e-01 8.446288076007316681e-01
-2.349999999999994316e+00 1.127241673783091480e+00 8.102228995465106109e-01
-2.150000000000005684e+00 8.198121263877028442e-01 7.681980990403516341e-01
-1.949999999999988631e+00 5.465414175918018591e-01 7.168690391242535931e-01
-1.750000000000000000e+00 6.490179333902648118e-01 6.542076645327890017e-01
-1.549999999999982947e+00 4.782237403928266684e-01 5.780812683147598108e-01
-1.349999999999994316e+00 5.465414175918018591e-01 4.883149460595389568e-01
-1.150000000000005684e+00 3.074295473953885804e-01 3.950095095829967429e-01
-9.499999999999886313e-01 2.732707087959009296e-01 3.343169831285772720e-01
-7.500000000000000000e-01 4.440649017933390730e-01 3.690105512325123072e-01
-5.499999999999829470e-01 4.782237403928266684e-01 5.408139347450888756e-01
-3.499999999999943157e-01 8.198121263877028442e-01 8.129771391110945933e-01
-1.500000000000056843e-01 9.222886421861656858e-01 1.092098403448232391e+00
5.000000000001136868e-02 1.537147736976942847e+00 1.306919865694185834e+00
2.500000000000000000e-01 1.434671221178480005e+00 1.441908738695899528e+00
4.500000000000170530e-01 1.537147736976942847e+00 1.513578326366031623e+00
6.500000000000056843e-01 1.468830059777967545e+00 1.543022104611796452e+00
8.499999999999943157e-01 1.537147736976942847e+00 1.546144624575890969e+00
1.050000000000011369e+00 1.366353543979504703e+00 1.533446820290230717e+00
1.250000000000000000e+00 1.776259607173356292e+00 1.511644607009401842e+00
1.450000000000017053e+00 1.468830059777967545e+00 1.484990281454786398e+00
1.650000000000005684e+00 1.298035866780529624e+00 1.456151005355691863e+00
1.849999999999994316e+00 1.502988898377455307e+00 1.426776774405527304e+00
2.050000000000011369e+00 1.434671221178480005e+00 1.397866552389513961e+00
2.250000000000000000e+00 1.434671221178480005e+00 1.370004137050270465e+00
2.450000000000017053e+00 1.229718189581554322e+00 1.343509992654512430e+00
2.650000000000005684e+00 1.161400512382579020e+00 1.318538883779660997e+00
2.849999999999994316e+00 1.229718189581554322e+00 1.295142560461733927e+00
3.050000000000011369e+00 1.332194705380017163e+00 1.273309914882152949e+00
3.250000000000000000e+00 1.366353543979504703e+00 1.252992622539650824e+00
3.450000000000017053e+00 1.024765157984628638e+00 1.234121437001297616e+00
3.650000000000005684e+00 1.229718189581554322e+00 1.216616472313269970e+00
3.849999999999994316e+00 1.366353543979504703e+00 1.200393623132800291e+00
4.050000000000011369e+00 1.161400512382579020e+00 1.185368508702006496e+00
4.250000000000000000e+00 1.400512382578992465e+00 1.171458833911821262e+00
4.450000000000017053e+00 8.881298035866781460e-01 1.158585742744987046e+00
4.650000000000005684e+00 1.127241673783091480e+00 1.146674534292490444e+00
4.849999999999994316e+00 1.571306575576430387e+00 1.135654979268241993e+00
5.050000000000011369e+00 8.881298035866781460e-01 1.125461389665693757e+00
5.250000000000000000e+00 1.161400512382579020e+00 1.116032539234890653e+00
5.450000000000017053e+00 1.058923996584116178e+00 1.107311497051267191e+00
5.650000000000005684e+00 1.093082835183603718e+00 1.099245413656482429e+00
5.849999999999994316e+00 1.127241673783091480e+00 1.091785284597292405e+00
6.050000000000011369e+00 9.564474807856533367e-01 1.084885706781085091e+00
6.250000000000000000e+00 1.639624252775405688e+00 1.078504637041249437e+00
6.450000000000017053e+00 9.222886421861656858e-01 1.072603158459198625e+00
6.650000000000005684e+00 9.906063193851409876e-01 1.067145257546522341e+00
6.849999999999994316e+00 1.229718189581554322e+00 1.062097613849761535e+00
7.050000000000011369e+00 1.161400512382579020e+00 1.057429402579074251e+00
7.250000000000000000e+00 9.906063193851409876e-01 1.053112110272317770e+00
7.450000000000017053e+00 1.024765157984628638e+00 1.049119363153834916e+00
7.650000000000005684e+00 1.434671221178480005e+00 1.045426767646128408e+00
7.849999999999994316e+00 1.058923996584116178e+00 1.042011762386984675e+00
8.050000000000011369e+00 8.539709649871904951e-01 1.038853481058902517e+00
8.250000000000000000e+00 9.906063193851409876e-01 1.035932625328830570e+00
8.450000000000017053e+00 1.127241673783091480e+00 1.033231347209689455e+00
8.650000000000005684e+00 1.161400512382579020e+00 1.030733140181546270e+00
8.849999999999994316e+00 1.024765157984628638e+00 1.028422738443700801e+00
9.050000000000011369e+00 9.906063193851409876e-01 1.026286023705659245e+00
9.250000000000000000e+00 8.539709649871904951e-01 1.024309938962650657e+00
9.450000000000017053e+00 9.564474807856533367e-01 1.022482408738614401e+00
9.650000000000005684e+00 7.514944491887276534e-01 1.020792265315629166e+00
9.849999999999994316e+00 1.127241673783091480e+00 1.019229180503072874e+00
1.005000000000001137e+01 9.222886421861656858e-01 1.017783602532211118e+00
1.025000000000000000e+01 9.906063193851409876e-01 1.016446697692290790e+00
1.045000000000001705e+01 8.198121263877028442e-01 1.015210296352582420e+00
1.065000000000000568e+01 8.881298035866781460e-01 1.014066843041235400e+00
1.084999999999999432e+01 8.881298035866781460e-01 1.013009350276338871e+00
1.105000000000001137e+01 7.856532877882151933e-01 1.012031355867353932e+00
1.125000000000000000e+01 9.906063193851409876e-01 1.011126883426181067e+00
1.145000000000001705e+01 1.332194705380017163e+00 1.010290405846678397e+00
1.165000000000000568e+01 7.856532877882151933e-01 1.009516811529533209e+00
1.184999999999999432e+01 1.161400512382579020e+00 1.008801373146147595e+00
1.205000000000001137e+01 9.564474807856533367e-01 1.008139718750687308e+00
1.225000000000000000e+01 9.564474807856533367e-01 1.007527805063791915e+00
1.245000000000001705e+01 1.127241673783091480e+00 1.006961892764689281e+00
1.265000000000000568e+01 5.807002561912895100e-01 1.006438523640749594e+00
1.284999999999999432e+01 7.514944491887276534e-01 1.005954499454837725e+00
1.305000000000001137e+01 7.514944491887276534e-01 1.005506862401335910e+00
1.325000000000000000e+01 1.093082835183603718e+00 1.005092877031406706e+00
1.345000000000001705e+01 8.539709649871904951e-01 1.004710013537042146e+00
1.365000000000000568e+01 1.093082835183603718e+00 1.004355932291757902e+00
1.384999999999999432e+01 9.564474807856533367e-01 1.004028469553456038e+00
1.405000000000001137e+01 9.222886421861656858e-01 1.003725624242095327e+00
1.425000000000000000e+01 9.906063193851409876e-01 1.003445545711364906e+00
1.445000000000001705e+01 9.222886421861656858e-01 1.003186522439638351e+00
1.465000000000000568e+01 8.881298035866781460e-01 1.002946971571098800e+00
1.484999999999999432e+01 8.881298035866781460e-01 1.002725429243124022e+00
1.505000000000001137e+01 1.058923996584116178e+00 1.002520541640822271e+00
1.525000000000000000e+01 7.856532877882151933e-01 1.002331056724054203e+00
1.545000000000001705e+01 7.856532877882151933e-01 1.002155816576386638e+00
1.565000000000000568e+01 9.564474807856533367e-01 1.001993750329223998e+00
1.584999999999999432e+01 8.198121263877028442e-01 1.001843867617876693e+00
1.605000000000001137e+01 6.831767719897523516e-01 1.001705252529576651e+00
1.625000000000000000e+01 8.881298035866781460e-01 1.001577058006461574e+00
1.645000000000001705e+01 8.881298035866781460e-01 1.001458500669318408e+00
1.665000000000000568e+01 9.564474807856533367e-01 1.001348856030461087e+00
1.684999999999999432e+01 9.906063193851409876e-01 1.001247454066484188e+00
1.705000000000001137e+01 9.564474807856533367e-01 1.001153675123842346e+00
1.725000000000000000e+01 1.161400512382579020e+00 1.001066946132232127e+00
1.745000000000001705e+01 8.198121263877028442e-01 1.000986737102637525e+00
1.765000000000000568e+01 9.222886421861656858e-01 1.000912557888639309e+00
1.784999999999999432e+01 7.856532877882151933e-01 1.000843955191197177e+00
1.805000000000001137e+01 1.298035866780529624e+00 1.000780509788601558e+00
1.825000000000000000e+01 8.539709649871904951e-01 1.000721833974667296e+00
1.845000000000001705e+01 5.807002561912895100e-01 1.000667569189513273e+00
1.865000000000000568e+01 9.222886421861656858e-01 1.000617383828452889e+00
1.884999999999999432e+01 9.906063193851409876e-01 1.000570971215602345e+00
1.905000000000001137e+01 1.058923996584116178e+00 1.000528047729827064e+00
1.925000000000000000e+01 1.229718189581554322e+00 1.000488351071570747e+00
1.945000000000001705e+01 1.024765157984628638e+00 1.000451638659979547e+00
1.965000000000000568e+01 1.161400512382579020e+00 1.000417686150522956e+00
1.984999999999999432e+01 9.564474807856533367e-01 1.000386286064055108e+00
